775
610
315
187
797
797
241
802
660
249
-1
158
31
734
223
437
328
708
540
754
388
35
620
699
141
422
872
620
157
157
157
157
-1
793
221
-1
486
714
329
543
37
25
463
286
105
105
105
-1
495
839
104
193
428
-1
-1
264
461
28
145
242
170
567
567
567
374
50
724
-1
-1
843
843
27
446
411
2
2
35
25
39
427
677
504
711
711
558
81
-1
663
663
663
663
663
663
663
663
663
663
663
663
663
663
663
663
663
663
663
663
663
663
663
73
320
735
446
763
456
-1
-1
-1
-1
-1
-1
-1
698
822
735
155
872
541
-1
798
746
342
469
748
556
684
48
65
621
730
776
262
71
669
185
524
249
180
180
180
52
272
-1
644
644
644
644
644
644
440
595
-1
257
10
10
10
10
10
10
10
563
58
825
825
-1
805
805
805
805
805
249
173
-1
65
117
121
309
916
-1
345
438
5
274
-1
707
707
524
64
759
56
701
723
723
723
496
378
414
754
389
238
-1
474
119
878
-1
470
33
49
49
49
587
155
358
764
266
703
284
271
238
-1
238
-1
232
257
-1
15
63
575
571
-1
412
220
-1
-1
485
694
95
623
678
565
656
727
413
-1
345
259
338
308
543
-1
546
711
848
568
25
187
647
218
428
304
790
166
-1
270
141
639
47
414
344
-1
240
83
-1
653
154
317
172
172
172
492
-1
-1
362
610
610
687
470
438
438
-1
-1
345
369
346
650
419
512
804
689
-1
526
-1
328
130
130
130
130
-1
568
568
568
568
213
-1
-1
546
448
653
120
512
-1
660
204
204
575
212
820
726
308
248
177
654
158
774
426
44
545
339
748
542
-1
-1
701
495
352
655
236
236
898
363
-1
101
875
778
21
339
-1
234
242
421
542
668
776
456
-1
-1
882
882
882
882
882
882
882
882
882
882
882
882
882
882
882
882
882
882
882
882
882
882
882
882
882
882
882
882
882
882
882
882
882
882
882
882
882
882
882
882
882
882
882
882
882
882
882
882
882
882
882
882
882
882
882
882
882
882
870
438
481
879
240
409
840
840
840
840
840
840
840
840
840
840
840
840
840
840
840
840
840
840
840
840
840
840
840
840
840
840
840
840
840
840
840
840
840
840
840
840
840
840
840
840
840
840
840
840
840
840
840
840
840
840
840
840
840
840
840
840
840
840
840
840
840
840
840
840
840
840
840
840
840
840
840
840
840
840
840
840
840
840
840
840
840
840
840
840
840
840
840
840
840
840
840
840
840
840
840
840
840
840
840
840
840
840
840
840
840
840
840
840
840
840
840
840
840
840
840
840
840
840
840
840
840
840
840
840
840
840
840
840
840
840
840
840
840
840
840
840
840
840
840
840
840
840
840
840
840
840
840
840
840
840
840
840
840
840
840
840
840
840
840
840
840
840
840
840
840
840
840
840
840
840
840
840
840
840
840
840
840
840
840
840
840
840
840
840
840
840
840
840
840
840
840
840
840
840
840
840
840
840
840
840
840
840
840
840
840
840
840
840
840
840
840
840
840
840
840
840
840
840
840
840
840
840
840
840
840
840
840
840
840
840
840
840
840
840
840
840
840
840
840
840
840
840
840
840
840
840
840
840
840
840
840
840
840
840
840
840
840
840
840
840
840
840
840
840
840
840
840
840
840
840
840
840
840
840
840
840
840
840
840
840
840
840
840
840
840
840
840
840
840
840
840
840
840
840
840
840
840
840
840
840
840
840
840
840
840
840
840
840
840
840
840
840
840
840
840
840
840
840
840
840
840
840
840
840
840
840
840
840
840
840
840
840
840
840
840
840
840
840
840
840
840
840
840
840
840
840
840
840
840
840
840
840
840
840
840
840
840
840
840
840
840
840
840
840
840
840
840
840
840
840
840
840
840
840
840
840
840
840
840
840
840
840
840
840
840
840
840
840
840
840
840
840
840
840
840
840
840
840
840
840
840
840
840
840
840
840
840
840
840
840
840
840
840
840
840
840
840
840
840
840
840
840
840
840
840
840
840
840
840
840
840
840
840
840
840
840
840
840
840
840
840
840
840
840
840
840
840
840
840
840
840
840
840
840
840
840
840
840
840
840
840
840
840
840
840
840
840
840
840
840
840
840
840
840
840
840
840
840
840
840
840
840
840
840
840
840
840
840
840
840
840
840
840
840
840
840
840
840
840
840
840
840
840
840
840
840
840
840
840
840
840
840
840
840
840
840
840
840
840
840
840
840
840
840
840
840
840
840
840
840
840
840
840
840
840
840
840
840
840
840
840
840
840
840
840
840
840
840
840
840
840
840
840
840
840
840
840
840
840
840
840
840
840
840
840
840
840
840
840
840
840
840
840
840
840
840
840
840
840
840
840
840
840
840
840
840
840
840
840
840
840
840
840
840
840
840
840
840
840
840
840
840
840
840
840
840
840
840
840
840
840
840
840
840
840
840
840
840
840
840
840
840
840
840
840
840
840
840
840
840
840
840
840
840
840
840
840
840
840
840
840
840
840
840
840
840
840
840
840
840
840
840
840
840
840
840
840
840
840
840
840
840
840
840
840
840
840
840
840
840
840
840
840
840
840
840
840
840
840
840
840
840
840
840
840
840
840
840
840
840
840
840
840
840
840
840
840
840
840
840
840
840
840
840
840
840
840
840
840
840
840
840
840
840
840
840
840
840
840
840
840
840
840
840
840
840
840
840
840
840
840
840
840
840
840
840
840
840
840
840
840
840
840
840
840
840
840
840
840
840
840
840
840
840
840
840
840
840
840
840
840
840
840
840
840
840
840
840
840
840
840
840
840
840
840
840
840
840
840
840
840
840
840
840
840
840
840
840
840
840
840
840
840
840
840
840
840
840
840
840
840
840
840
840
840
840
840
840
840
840
840
840
840
840
840
840
840
840
840
840
840
840
840
840
840
840
840
840
840
840
840
840
840
840
840
840
840
840
840
840
840
840
840
840
840
840
840
840
840
840
840
840
840
840
840
840
840
840
23
164
274
-1
579
255
302
728
534
437
437
588
555
37
462
49
49
49
457
143
143
769
769
769
769
769
769
769
207
2
307
115
-1
449
245
510
191
206
750
778
306
34
202
581
-1
781
96
73
592
630
890
440
445
9
-1
673
673
466
466
466
466
128
524
-1
308
92
48
380
719
471
891
-1
678
-1
770
244
17
27
-1
-1
96
181
181
442
688
688
688
688
688
71
592
211
517
779
373
272
-1
679
56
438
69
148
664
-1
128
218
601
120
120
156
762
151
400
780
384
486
30
480
667
650
650
650
429
663
325
-1
516
186
451
48
48
692
213
104
390
282
282
282
282
282
282
282
282
282
282
282
282
282
282
282
282
431
431
137
910
559
355
771
-1
-1
689
616
90
171
171
656
652
835
686
393
585
418
-1
584
584
584
584
584
584
584
3
-1
-1
182
368
433
230
320
320
646
512
710
189
25
847
359
584
462
213
213
213
213
213
213
213
213
213
213
213
213
524
27
89
792
583
5
5
527
500
652
2
345
369
84
11
11
373
66
371
1
677
601
321
406
196
113
773
399
221
25
66
683
-1
768
177
694
694
694
694
-1
20
699
699
699
429
698
650
431
126
102
693
315
315
653
-1
687
654
519
548
57
185
744
348
40
40
40
226
569
254
470
513
860
320
-1
814
222
-1
774
652
668
684
343
54
46
119
119
370
699
138
317
-1
-1
835
-1
-1
280
280
280
280
870
457
320
356
356
108
753
86
799
873
584
749
29
-1
-1
-1
-1
-1
-1
-1
-1
-1
-1
-1
-1
-1
-1
-1
-1
-1
63
718
-1
748
322
-1
794
441
441
510
754
-1
827
-1
853
35
558
23
165
97
536
521
383
549
-1
265
504
273
274
711
339
432
775
140
340
-1
462
-1
-1
659
163
73
495
180
160
205
115
373
23
23
23
23
331
538
298
127
319
651
676
186
206
440
-1
659
411
59
173
173
268
377
652
133
99
99
253
52
440
-1
548
-1
665
665
13
736
298
25
327
-1
512
454
416
454
390
-1
660
90
322
579
501
559
752
752
30
18
525
341
295
39
394
735
543
543
543
203
-1
290
394
-1
767
-1
21
686
381
381
653
362
-1
303
47
756
571
370
417
332
189
67
67
362
208
23
644
651
254
358
499
499
798
561
197
348
38
69
197
647
90
143
110
3
-1
206
306
731
731
731
731
731
731
731
731
731
731
731
44
137
361
-1
-1
469
551
151
92
759
367
56
522
799
414
281
-1
58
656
288
96
725
725
663
3
75
67
291
78
751
496
562
564
719
699
8
441
251
559
770
343
578
57
399
360
279
279
279
73
642
218
131
558
684
405
366
-1
586
-1
675
675
878
698
508
-1
342
154
615
302
340
316
731
899
168
156
559
566
733
180
180
105
-1
822
501
198
640
268
603
266
-1
272
-1
-1
410
666
579
305
268
733
2
748
156
318
318
561
561
315
665
717
135
313
710
710
315
418
418
418
418
599
57
57
57
1
797
119
447
660
386
583
192
354
654
780
280
315
168
726
131
348
557
465
-1
200
780
592
178
175
165
-1
490
761
761
747
-1
22
-1
-1
-1
-1
89
648
418
653
653
313
663
89
89
50
602
547
543
543
543
543
543
543
543
543
30
355
674
674
556
556
556
-1
399
483
19
440
335
373
615
500
521
188
188
521
351
335
335
544
237
424
274
784
159
765
784
426
426
75
646
55
619
-1
411
553
492
583
213
213
58
778
653
653
653
571
571
571
571
411
411
528
528
332
15
-1
-1
544
312
657
781
736
191
-1
156
39
870
760
292
598
816
171
534
487
725
108
152
198
344
191
-1
-1
780
-1
330
330
330
330
55
616
443
599
10
183
183
183
183
-1
6
374
374
549
340
591
591
591
501
183
144
359
259
315
153
746
300
261
158
498
784
527
-1
42
390
390
390
390
331
550
445
29
75
305
39
436
436
436
436
436
28
223
71
71
577
564
662
338
747
66
66
66
66
66
66
66
66
66
875
88
382
110
94
860
860
371
67
441
415
415
40
132
457
608
-1
89
89
313
670
343
618
-1
779
646
193
850
483
483
17
773
81
-1
-1
-1
38
112
481
148
384
424
698
74
125
19
114
257
831
-1
159
180
296
829
523
523
-1
59
563
-1
67
495
386
447
447
350
646
293
450
684
583
13
-1
49
437
791
301
740
66
416
258
159
576
417
340
340
340
340
340
340
340
340
-1
506
123
129
565
565
565
565
565
565
565
565
565
565
565
565
565
565
686
32
32
77
442
596
524
52
324
77
502
269
660
516
362
362
362
-1
213
235
271
36
481
-1
294
-1
701
-1
241
241
656
-1
364
45
45
125
311
77
380
753
-1
-1
805
805
436
436
436
242
568
705
163
166
327
310
310
557
562
562
-1
771
125
-1
325
766
668
296
267
267
267
267
267
267
406
34
-1
451
451
159
203
706
717
38
817
-1
103
335
207
671
300
370
97
-1
-1
833
449
700
686
575
666
272
601
416
746
-1
82
82
82
82
82
82
780
761
761
533
199
46
499
-1
262
399
-1
543
912
348
297
297
297
-1
-1
572
360
837
-1
810
619
434
645
545
706
328
328
44
712
457
126
575
575
300
838
34
524
419
211
46
-1
175
578
73
701
147
546
680
719
906
599
289
289
289
798
478
723
525
105
689
114
327
483
571
454
318
132
552
353
818
52
742
-1
132
-1
731
731
205
879
878
11
-1
-1
917
500
228
58
238
211
-1
343
-1
135
849
644
-1
563
44
99
197
575
15
15
15
15
29
400
156
560
577
147
25
538
107
36
439
47
25
21
453
272
259
665
293
781
-1
607
-1
-1
551
574
535
774
673
661
431
866
242
91
283
-1
847
67
-1
467
716
716
716
716
716
716
865
167
23
339
366
-1
789
-1
401
401
401
401
401
401
401
401
401
164
667
667
309
771
-1
-1
-1
427
434
716
360
248
408
487
487
668
499
770
553
428
282
-1
156
258
767
323
281
188
867
758
59
753
419
401
680
728
433
579
671
860
95
647
481
521
137
50
272
815
-1
85
-1
362
727
-1
-1
754
420
162
24
370
2
261
205
600
663
-1
410
178
547
341
298
-1
71
71
71
71
71
71
39
424
386
89
-1
461
169
42
47
532
29
-1
413
784
387
575
66
757
-1
508
44
438
253
190
-1
-1
738
450
167
641
521
521
521
207
325
167
296
460
460
-1
466
502
676
258
258
258
258
258
709
-1
671
753
289
506
82
306
344
578
529
782
103
719
-1
712
507
423
-1
-1
-1
-1
-1
-1
440
204
168
168
168
26
371
465
486
260
191
248
196
449
39
99
380
52
566
-1
-1
135
133
133
133
491
-1
662
662
662
662
662
662
662
662
662
662
662
662
662
662
662
662
662
662
662
662
662
662
355
88
88
463
506
800
263
263
263
263
263
263
263
189
21
-1
571
368
-1
203
93
93
475
463
284
284
723
660
-1
23
19
373
254
585
519
567
718
92
552
640
640
640
640
640
-1
-1
186
392
392
392
700
627
582
899
899
899
899
899
899
899
899
899
899
899
899
899
899
899
899
899
899
899
899
899
899
899
899
899
899
899
899
899
899
899
899
899
899
899
899
899
899
899
899
899
899
578
235
48
580
438
438
438
438
438
438
438
442
315
162
-1
-1
-1
-1
-1
-1
-1
-1
-1
-1
-1
-1
-1
-1
-1
121
-1
-1
-1
-1
322
-1
530
576
686
132
225
665
224
777
387
110
677
751
-1
637
460
167
796
311
580
580
580
580
228
-1
279
848
288
441
-1
587
523
-1
-1
-1
-1
-1
-1
-1
-1
-1
-1
-1
-1
-1
-1
624
605
567
392
662
52
317
221
89
-1
-1
510
766
716
716
95
663
437
440
542
748
102
30
721
559
138
269
82
82
82
55
117
783
783
783
130
108
489
735
-1
142
661
166
75
213
256
424
723
104
401
818
28
838
518
748
748
748
748
748
748
748
748
748
748
748
748
748
748
748
748
748
748
748
846
799
38
-1
440
176
178
701
232
232
295
566
540
582
138
535
696
280
280
280
280
280
48
862
917
740
200
424
424
546
-1
85
-1
689
183
225
225
225
225
225
225
225
225
225
519
111
106
557
20
724
907
376
507
403
672
156
25
514
294
560
560
470
574
169
414
573
170
793
257
-1
536
536
536
520
600
307
703
85
826
814
369
643
-1
176
-1
293
683
300
225
-1
325
-1
393
146
469
227
493
143
61
841
18
318
817
554
554
99
678
121
-1
-1
207
877
877
877
877
877
877
877
393
850
52
569
747
524
512
307
749
612
810
8
87
38
655
655
655
655
655
315
710
799
376
-1
77
872
711
711
-1
231
-1
13
116
494
221
253
-1
-1
331
306
716
338
-1
311
645
840
183
183
183
183
183
183
183
538
109
448
754
764
-1
724
645
399
440
723
532
27
793
23
-1
806
317
458
287
570
428
-1
-1
226
226
217
50
715
715
715
-1
-1
-1
-1
-1
-1
-1
890
890
890
890
890
890
890
-1
661
81
429
496
106
73
304
751
112
4
734
-1
415
609
845
379
676
245
-1
-1
-1
-1
45
75
525
842
842
842
34
12
142
262
727
727
727
265
413
-1
8
672
575
683
778
287
247
247
247
247
612
612
612
612
399
429
606
-1
-1
-1
-1
587
483
412
412
92
581
-1
167
188
560
380
200
-1
-1
188
227
137
156
413
810
731
356
670
100
-1
542
678
115
409
419
220
885
88
703
557
557
557
557
557
557
557
557
557
557
557
557
557
557
557
557
557
557
557
557
557
557
557
557
557
557
557
557
557
557
557
557
557
557
557
557
557
557
557
557
557
557
557
557
557
557
557
180
544
274
348
733
94
-1
193
56
-1
381
461
461
768
715
134
-1
528
491
578
-1
177
393
664
470
470
470
-1
246
690
29
513
654
586
-1
280
860
860
301
273
37
467
467
645
271
180
108
733
208
824
867
128
-1
-1
896
679
795
371
-1
526
433
13
298
462
526
212
212
308
479
671
251
41
204
466
508
-1
915
-1
40
-1
156
124
118
284
736
736
263
676
792
792
792
792
792
792
792
792
792
792
792
792
792
792
792
792
792
792
-1
264
400
328
74
-1
790
241
171
181
721
102
102
102
102
-1
22
306
336
708
708
416
416
333
657
-1
502
-1
758
-1
358
754
438
621
690
312
515
37
712
843
670
671
894
912
102
335
893
382
27
-1
866
541
-1
364
134
134
134
134
134
134
134
134
134
134
134
-1
80
-1
696
98
338
136
113
777
-1
803
48
532
532
100
144
636
771
75
612
25
355
29
29
29
29
0
662
234
-1
685
35
-1
310
169
169
169
169
169
169
763
568
-1
541
845
226
677
218
263
694
281
613
308
382
382
17
204
413
92
-1
-1
447
105
-1
444
517
791
211
211
211
552
13
699
722
776
776
350
788
577
277
96
336
495
360
290
290
776
27
599
599
418
29
63
91
342
-1
-1
707
49
245
405
493
493
23
456
-1
575
470
664
557
328
274
427
-1
551
702
502
306
322
793
164
164
555
555
652
761
-1
715
112
407
855
820
456
183
485
209
384
24
173
41
494
494
97
777
82
371
464
70
182
248
751
488
570
626
-1
207
538
-1
-1
272
513
46
679
451
866
217
-1
-1
604
278
-1
38
496
390
135
534
-1
685
81
721
127
507
507
507
507
507
507
554
616
160
440
707
545
60
-1
78
573
865
-1
284
814
235
178
178
178
178
178
178
178
178
178
178
178
178
178
686
686
686
686
686
686
839
-1
404
-1
392
794
273
8
8
8
8
8
8
8
348
218
218
218
89
151
345
597
-1
43
43
17
405
10
740
-1
-1
829
-1
-1
777
836
761
851
153
200
619
252
94
105
212
486
159
663
495
685
-1
762
-1
308
619
62
530
-1
468
540
-1
193
-1
537
670
489
633
692
422
786
152
123
123
121
246
406
511
733
565
434
488
332
57
332
429
-1
34
34
34
34
34
492
492
495
-1
220
296
567
413
413
413
413
413
413
413
413
413
413
413
413
413
413
413
413
186
365
344
675
80
296
357
127
448
448
448
448
448
448
480
426
872
872
146
197
197
197
197
197
197
197
197
197
197
197
197
197
197
197
197
197
197
197
197
197
197
197
197
197
197
197
197
687
711
631
631
257
303
110
768
-1
253
62
485
9
-1
-1
705
-1
738
378
-1
185
-1
426
443
456
783
748
-1
523
256
859
-1
453
-1
-1
344
324
203
632
352
196
-1
414
-1
-1
-1
-1
-1
-1
406
-1
460
226
285
211
211
211
211
211
211
211
211
211
211
211
211
211
211
211
211
211
211
211
211
211
211
211
211
211
211
211
211
211
211
211
211
589
445
815
293
-1
-1
-1
-1
-1
-1
123
148
148
463
558
267
392
271
156
114
-1
658
317
508
508
508
508
508
92
692
-1
-1
-1
631
172
540
351
577
85
740
248
708
-1
719
719
692
577
103
103
101
300
-1
368
692
192
702
66
66
442
384
384
577
712
336
313
300
51
27
651
769
556
310
114
379
736
823
823
823
823
276
538
775
775
775
114
-1
-1
414
562
505
367
14
289
433
83
-1
-1
-1
77
838
-1
413
411
411
411
443
-1
438
176
494
255
255
486
486
486
486
486
486
486
486
486
486
486
486
486
486
486
486
486
486
486
486
486
486
486
486
486
486
486
486
486
486
486
486
486
486
486
486
486
486
486
486
486
486
486
486
486
486
486
486
486
486
486
486
486
609
-1
304
692
170
170
170
170
170
170
170
170
-1
549
284
743
686
686
686
686
686
686
686
686
686
686
686
686
686
877
877
565
273
273
326
580
740
19
841
-1
97
97
97
21
875
688
432
400
413
131
576
-1
386
144
777
280
626
551
450
551
360
735
554
128
-1
202
579
458
42
402
477
883
572
752
164
529
523
577
577
577
577
189
18
727
765
186
373
373
373
373
169
223
653
796
34
34
34
34
34
34
34
34
34
34
34
34
186
-1
395
181
421
523
313
-1
185
771
-1
765
508
66
419
343
232
31
126
89
398
322
-1
246
687
450
593
-1
185
185
649
27
549
516
422
908
20
205
-1
-1
568
334
747
415
103
75
95
446
308
304
750
57
702
154
-1
30
101
101
101
5
5
-1
94
369
711
299
178
310
-1
347
508
186
828
411
15
245
418
67
526
494
525
54
62
-1
64
75
614
396
192
822
822
822
822
822
822
822
822
822
822
822
498
376
-1
592
664
678
151
183
248
132
530
-1
496
441
427
511
864
106
202
472
778
-1
644
-1
77
28
559
652
424
11
11
11
11
11
11
11
11
11
773
4
387
0
774
392
678
7
576
8
317
188
24
24
24
24
24
24
24
24
24
24
814
-1
451
585
13
557
787
663
595
775
627
517
517
517
517
517
517
517
517
517
517
517
517
517
517
517
517
517
517
517
517
517
517
517
517
517
517
517
517
517
517
517
517
517
517
517
517
517
517
517
517
517
517
517
517
517
517
517
517
517
517
517
517
517
517
517
112
655
336
63
162
348
-1
166
913
913
913
96
23
388
774
208
46
42
526
526
526
526
526
526
526
526
526
526
526
526
526
526
526
526
526
526
526
526
526
526
526
526
526
526
526
526
526
526
526
526
526
412
244
600
480
696
267
493
513
315
239
191
350
126
-1
462
782
-1
525
26
91
-1
370
86
718
393
-1
752
780
698
55
388
193
299
70
673
255
255
255
255
255
255
255
255
515
426
29
90
843
398
440
52
544
-1
818
109
687
120
378
391
490
465
369
-1
199
203
746
898
436
394
351
736
-1
106
251
417
710
280
508
508
-1
678
30
866
305
193
782
592
140
140
140
-1
-1
-1
-1
-1
-1
-1
-1
-1
-1
-1
-1
-1
-1
-1
-1
-1
-1
-1
-1
-1
-1
-1
-1
-1
-1
-1
-1
-1
-1
-1
-1
-1
-1
-1
-1
-1
-1
-1
-1
-1
-1
-1
-1
-1
-1
-1
-1
-1
-1
-1
-1
-1
-1
-1
-1
-1
-1
-1
-1
52
52
531
-1
696
160
618
618
895
542
624
-1
60
60
60
278
-1
56
2
592
308
598
563
588
188
188
75
527
218
407
92
589
449
684
684
684
684
684
730
433
433
662
521
167
693
682
682
46
671
306
-1
806
366
387
375
423
567
227
909
909
909
909
909
247
790
579
435
435
331
366
-1
-1
-1
458
458
458
503
447
225
315
140
222
97
308
308
308
916
779
532
-1
167
-1
735
711
109
192
394
677
598
385
6
6
6
6
6
6
648
225
442
442
442
62
591
534
60
132
119
686
535
613
826
17
710
394
193
571
8
122
916
649
118
887
18
-1
364
647
168
749
880
817
234
404
139
826
20
377
218
317
317
317
317
317
317
317
317
145
145
13
12
54
54
54
208
-1
448
402
731
-1
702
702
729
544
820
-1
-1
-1
-1
-1
-1
562
391
323
340
559
332
480
-1
567
144
775
653
342
235
131
659
558
322
-1
-1
-1
530
832
321
14
-1
-1
-1
-1
-1
-1
-1
38
717
-1
582
797
772
226
226
270
177
744
90
510
306
726
337
450
762
29
792
257
381
712
-1
881
644
510
493
493
736
-1
686
-1
-1
663
538
711
542
392
19
-1
748
748
748
748
748
748
748
24
163
163
518
330
889
-1
41
-1
187
93
29
746
746
746
-1
148
709
531
-1
462
528
9
230
230
252
878
878
-1
50
-1
696
443
868
591
273
152
14
791
661
163
906
702
157
353
795
407
359
683
733
328
474
651
790
84
660
103
515
798
798
256
256
256
565
565
565
565
729
34
90
-1
803
541
92
817
592
13
241
758
715
398
371
771
-1
730
730
730
714
799
140
270
532
191
533
275
472
130
155
728
728
873
873
145
23
224
85
86
-1
355
164
-1
369
405
458
344
-1
90
197
-1
820
171
749
221
620
364
364
412
235
817
-1
543
543
543
232
872
498
555
155
722
818
242
748
256
406
448
803
-1
166
407
874
434
783
-1
337
337
36
818
736
656
458
408
151
357
374
872
767
506
453
405
662
435
305
-1
265
663
570
-1
-1
463
318
292
419
752
157
503
48
193
597
167
110
137
575
439
672
209
394
700
716
847
847
847
847
847
847
847
847
847
847
847
847
847
847
847
847
847
847
187
-1
364
670
-1
-1
492
454
41
376
-1
359
668
596
372
85
359
721
721
457
39
149
567
354
902
88
287
194
482
482
69
69
69
69
69
69
69
69
69
69
69
69
69
69
69
69
69
69
69
69
69
170
589
256
66
25
25
25
25
25
25
25
25
25
8
870
282
678
406
323
137
405
861
65
261
315
151
798
296
786
97
445
435
435
73
67
701
663
-1
444
-1
54
293
324
324
122
507
332
74
49
271
658
373
408
145
494
651
584
-1
62
464
365
365
848
562
-1
-1
-1
-1
543
274
501
505
273
385
385
31
163
617
324
-1
-1
-1
-1
92
79
73
141
141
141
350
731
692
18
136
268
-1
-1
337
170
622
703
101
444
774
822
718
357
409
73
2
2
2
2
2
2
440
414
619
619
25
161
618
295
419
-1
-1
29
-1
389
226
256
-1
156
414
433
326
118
396
605
563
67
510
510
541
787
1
793
49
-1
289
668
668
645
-1
-1
546
22
130
675
814
159
617
285
563
133
381
719
547
74
306
-1
648
171
-1
160
651
290
29
861
165
78
563
-1
6
468
343
730
668
651
651
651
651
651
651
651
651
651
651
651
651
651
651
651
651
651
651
651
651
651
651
651
651
651
651
651
651
651
651
651
651
651
651
651
651
651
-1
564
71
364
110
-1
496
491
436
304
743
2
229
473
173
-1
633
115
115
115
268
-1
58
433
178
621
147
362
362
171
-1
174
174
839
402
661
-1
473
473
285
773
190
42
524
804
346
48
-1
753
753
753
753
82
239
731
731
731
715
354
259
815
412
692
692
692
692
75
293
100
100
100
437
-1
769
789
741
431
710
710
710
710
710
710
710
710
710
710
710
710
710
710
710
710
710
710
710
710
710
710
710
710
710
710
710
710
710
710
710
710
710
710
710
710
710
710
710
710
710
710
710
710
309
-1
77
342
355
297
867
241
-1
298
307
307
307
657
381
546
648
356
161
908
254
573
682
682
507
127
42
27
769
811
76
593
325
787
162
490
124
-1
845
422
453
346
325
325
325
325
325
325
12
653
64
393
75
713
9
620
703
263
454
454
645
771
771
581
688
58
432
759
134
285
344
181
447
94
306
212
21
728
665
367
135
677
280
200
330
740
173
340
442
136
781
-1
781
-1
662
729
870
67
571
265
715
175
446
423
270
752
-1
469
562
382
97
97
97
97
97
97
97
97
97
97
97
97
97
97
97
-1
320
377
336
336
336
336
336
336
336
336
336
336
336
336
336
336
336
336
336
-1
199
509
29
820
820
645
292
292
58
686
186
796
498
139
308
329
404
283
682
110
706
34
123
423
682
863
863
863
863
863
863
863
863
863
863
863
863
66
779
-1
564
238
239
-1
-1
-1
-1
-1
-1
-1
-1
8
-1
518
653
277
277
754
754
600
600
463
-1
358
780
200
865
865
865
865
865
865
865
865
865
865
865
865
865
444
662
-1
555
450
842
678
134
606
801
378
467
705
202
705
26
854
581
213
213
-1
181
126
376
376
376
376
18
726
100
-1
166
-1
289
113
113
585
33
3
222
661
845
160
55
711
43
611
260
8
8
-1
225
213
10
-1
426
109
248
552
-1
444
507
507
-1
533
705
726
822
822
79
393
115
260
793
36
187
213
270
158
435
435
141
418
-1
23
821
818
225
-1
520
520
520
520
334
219
155
80
-1
694
694
694
844
456
659
-1
538
916
484
653
258
538
868
623
751
398
781
781
781
781
781
781
781
781
781
781
781
781
781
781
781
781
781
781
781
781
781
781
781
781
781
781
781
781
781
781
781
781
781
781
781
781
446
507
75
75
328
754
363
244
61
333
-1
396
730
730
180
654
654
654
654
654
654
134
581
192
52
494
731
52
60
644
488
598
598
772
194
-1
252
235
316
792
695
644
806
806
806
318
318
318
318
149
-1
-1
174
524
-1
354
260
556
666
101
748
719
719
719
595
663
31
656
644
520
520
514
498
498
714
206
11
11
11
11
11
209
701
63
-1
427
-1
304
576
79
216
750
603
603
603
603
603
603
118
364
124
674
112
225
682
682
92
-1
504
504
504
123
662
408
-1
511
166
617
-1
177
177
-1
-1
-1
-1
-1
-1
-1
-1
-1
-1
-1
-1
-1
-1
-1
-1
-1
-1
-1
-1
-1
-1
-1
-1
-1
-1
-1
-1
-1
-1
-1
-1
-1
-1
679
240
73
366
366
370
370
556
25
449
32
35
313
150
578
437
437
437
437
437
437
437
437
84
690
662
766
42
42
743
530
166
740
740
20
69
69
512
187
865
490
542
774
429
43
107
795
413
663
663
80
-1
695
294
257
105
-1
872
189
822
795
216
216
865
620
746
113
621
27
27
360
23
23
392
307
-1
194
341
341
394
237
449
271
650
372
530
773
150
824
290
433
778
423
801
682
300
99
-1
180
105
2
61
310
310
363
276
702
-1
241
157
157
157
157
157
157
157
272
-1
394
721
167
305
175
648
338
503
603
806
19
-1
311
-1
405
611
179
117
52
284
297
113
773
660
568
568
568
568
735
591
69
892
123
-1
369
-1
310
852
279
267
272
43
130
160
240
771
-1
320
258
343
499
553
553
395
43
851
851
509
-1
771
159
-1
-1
228
786
664
371
237
671
651
171
211
30
621
432
160
782
672
13
514
74
450
857
751
85
513
54
196
104
131
50
441
25
672
847
-1
500
301
301
301
301
301
309
431
64
658
658
820
820
273
362
334
334
433
404
88
-1
0
340
157
-1
351
420
420
420
420
73
584
584
617
734
715
667
435
0
599
365
71
181
844
380
791
168
299
693
441
441
441
441
441
441
441
441
441
441
441
441
441
441
441
441
441
441
441
441
441
441
661
110
135
325
376
20
325
-1
177
442
506
775
155
172
-1
889
147
147
401
585
325
261
210
57
442
442
442
136
136
37
37
493
482
336
269
184
257
557
496
496
496
496
496
582
193
517
517
167
170
-1
-1
-1
-1
-1
-1
-1
729
765
287
464
464
464
464
464
464
464
464
464
464
464
464
464
464
464
464
464
464
464
464
464
464
464
464
464
464
464
464
464
464
464
464
464
464
464
464
464
464
464
464
464
464
464
464
464
464
464
464
464
464
464
464
464
464
464
464
464
464
464
464
464
464
464
464
464
464
464
464
464
464
464
464
464
464
464
464
464
464
464
464
464
464
464
464
464
464
464
464
464
464
464
464
464
464
464
464
464
464
464
464
464
464
464
464
464
464
464
464
464
464
464
464
464
464
464
464
464
464
464
464
464
464
464
464
464
464
464
464
464
464
464
464
464
464
464
464
464
464
464
464
464
464
464
464
464
464
464
464
464
464
464
464
464
464
464
464
464
464
464
464
464
464
464
464
464
464
464
464
464
464
464
464
464
464
464
464
464
464
464
464
464
464
464
464
464
464
464
464
464
464
464
464
464
464
464
464
464
464
464
464
464
464
464
464
464
464
464
464
464
464
464
464
464
464
464
464
464
464
464
464
464
464
464
464
464
464
464
464
464
464
464
464
464
464
464
464
464
464
464
464
464
464
464
464
464
464
464
464
464
464
464
464
464
464
464
464
464
464
464
464
464
464
464
464
464
464
464
464
464
464
464
464
464
464
464
464
464
464
464
464
464
464
464
464
464
464
464
464
464
464
464
464
464
464
464
464
464
464
464
464
464
464
464
464
464
464
464
464
464
464
464
464
464
464
464
464
464
464
464
464
464
464
464
464
464
464
464
464
464
464
464
464
464
464
464
464
464
464
464
464
464
464
464
464
464
464
464
464
464
464
464
464
464
464
464
464
464
464
464
464
464
464
464
464
464
464
464
464
464
464
464
464
464
464
464
464
464
464
464
464
464
464
464
464
464
464
464
464
464
464
464
464
464
464
464
464
464
464
464
464
464
464
464
464
464
464
464
464
464
464
464
464
464
464
464
464
464
464
464
464
464
464
464
464
464
464
464
464
464
464
464
464
464
464
464
464
464
464
464
464
464
464
464
464
464
464
464
464
464
464
464
464
464
464
464
464
464
464
464
464
464
464
464
464
464
464
464
464
464
464
464
464
464
464
464
464
464
464
464
464
464
464
464
464
464
464
464
464
464
464
464
464
464
464
464
464
464
464
464
464
464
464
464
464
464
464
464
464
464
464
464
464
464
464
464
464
464
464
464
464
464
464
464
464
464
464
464
464
464
464
464
464
464
464
464
464
464
464
464
464
464
464
464
464
464
464
464
464
464
464
464
464
464
464
464
464
464
464
464
464
464
464
464
464
464
464
464
464
464
464
464
464
464
464
464
464
464
464
464
464
464
464
464
464
464
464
464
464
464
464
464
464
464
464
464
464
464
464
464
464
464
464
464
464
464
464
464
464
464
464
464
464
464
464
464
464
464
464
464
464
464
464
464
464
464
464
464
464
464
464
464
464
464
464
464
464
464
464
464
464
464
464
464
464
464
464
464
464
464
464
-1
435
125
759
20
386
51
417
89
365
74
582
108
51
111
292
309
309
668
789
151
-1
388
319
292
342
189
189
189
189
189
189
189
189
189
189
189
189
189
189
189
229
331
36
517
795
210
212
181
52
232
567
281
650
-1
-1
-1
-1
-1
-1
-1
365
499
499
15
416
788
307
-1
507
356
137
483
744
-1
-1
-1
-1
775
775
346
823
87
677
119
782
782
782
733
507
76
914
914
662
308
741
741
741
741
101
218
-1
186
583
595
201
260
465
508
245
86
124
124
560
747
-1
276
605
474
359
870
411
-1
912
226
226
226
246
70
400
65
556
402
344
775
320
530
618
175
-1
878
-1
677
384
727
727
801
26
556
11
-1
421
-1
840
551
-1
579
545
383
85
793
44
150
432
624
673
467
204
463
167
379
74
306
101
25
690
88
98
-1
-1
-1
-1
823
109
457
504
773
773
773
773
773
773
773
773
773
558
138
752
57
57
57
861
395
-1
-1
662
439
-1
-1
251
323
565
718
718
718
718
718
718
527
111
145
-1
744
-1
268
40
579
356
316
556
439
426
273
26
75
91
342
471
488
285
866
52
104
566
863
863
863
355
889
510
510
510
510
510
510
510
510
510
510
510
333
499
499
499
499
499
499
499
499
499
499
499
499
499
499
499
499
499
499
799
657
487
-1
-1
368
368
368
368
368
755
666
666
208
372
242
-1
-1
846
846
297
97
387
389
439
-1
-1
137
725
807
190
190
-1
-1
135
445
604
823
38
185
705
873
-1
412
324
866
338
532
320
581
556
392
392
392
509
113
489
-1
680
11
-1
-1
914
904
268
825
619
403
530
306
308
747
747
-1
273
702
780
780
686
286
729
284
-1
309
865
-1
879
879
-1
-1
-1
8
-1
614
688
-1
711
766
814
876
116
116
899
577
519
512
143
88
519
73
361
303
-1
307
578
-1
592
668
412
412
717
563
551
434
571
571
262
308
519
162
162
162
162
162
162
162
162
162
162
162
162
162
162
162
162
162
162
162
280
368
58
238
484
40
-1
264
264
730
219
530
331
292
151
-1
405
75
-1
508
311
235
2
110
58
553
723
629
76
113
408
408
238
238
238
238
238
393
776
297
-1
521
337
707
785
785
149
149
8
575
658
-1
726
374
374
-1
445
445
445
119
-1
-1
-1
-1
-1
-1
-1
-1
-1
756
532
653
653
127
578
467
467
-1
479
543
223
-1
41
-1
746
338
508
527
-1
-1
572
262
661
661
229
229
2
221
37
37
555
365
-1
674
98
499
499
499
499
499
499
499
499
499
499
499
499
288
288
288
12
-1
878
479
479
479
479
479
479
479
479
479
479
558
439
439
439
439
439
439
282
42
586
323
659
592
592
-1
427
201
775
775
163
773
120
-1
-1
262
300
306
478
-1
-1
-1
-1
221
221
221
221
611
207
720
159
219
-1
119
-1
-1
66
736
240
467
583
742
386
257
664
814
75
699
59
492
79
143
143
15
380
449
493
495
558
558
714
367
766
694
526
67
383
-1
204
809
809
-1
-1
358
485
446
664
743
370
818
462
152
138
25
25
231
75
229
-1
169
-1
189
727
-1
734
575
651
651
342
-1
294
248
107
363
363
329
-1
-1
722
-1
436
727
-1
66
806
361
218
204
754
754
754
754
754
754
754
754
754
450
663
65
321
-1
226
688
688
688
642
182
-1
477
93
107
380
388
533
665
751
-1
833
733
759
529
720
-1
595
608
458
-1
-1
294
524
736
537
105
650
-1
794
552
28
558
112
121
665
670
687
281
281
281
281
281
577
577
577
521
225
511
511
511
514
244
122
317
341
717
7
799
791
80
175
57
816
712
651
726
726
736
736
557
361
24
197
473
473
473
473
473
473
323
123
225
93
404
821
792
-1
592
388
312
312
714
883
653
692
151
712
565
231
887
223
307
307
307
859
-1
-1
115
-1
721
-1
-1
178
209
285
479
435
378
883
516
67
33
369
78
523
165
44
436
436
436
436
117
19
230
-1
604
377
166
907
318
330
286
256
311
763
395
667
54
680
229
667
318
372
444
748
405
405
813
87
188
238
131
131
-1
-1
-1
-1
-1
-1
-1
-1
356
326
114
299
12
491
-1
183
810
27
469
469
326
722
492
721
721
-1
725
662
700
652
240
155
178
249
249
249
738
251
251
251
251
251
251
251
251
336
9
668
467
-1
106
52
8
8
8
8
8
583
243
677
486
426
569
-1
155
155
701
701
701
701
701
648
137
254
74
59
23
367
299
370
724
548
368
57
57
144
555
725
725
789
449
91
91
91
91
-1
-1
852
167
394
420
420
771
224
399
9
9
9
9
557
360
-1
-1
615
550
13
-1
-1
491
460
723
299
828
41
444
466
26
315
175
296
240
70
230
585
-1
829
617
-1
488
-1
684
-1
721
-1
724
353
652
652
652
652
814
530
225
356
336
336
524
444
555
228
170
581
544
523
137
137
137
44
771
368
807
496
457
-1
-1
27
25
388
-1
17
109
860
548
21
756
161
424
372
372
372
675
208
77
312
437
247
153
241
241
241
241
241
241
31
291
285
-1
837
837
174
558
376
-1
263
263
403
155
-1
540
351
198
482
482
482
482
159
219
321
320
-1
693
693
255
112
770
664
664
664
727
727
727
278
-1
228
487
450
652
549
369
-1
190
664
66
-1
-1
-1
-1
408
222
542
30
751
741
513
170
220
818
-1
124
787
6
414
-1
752
401
356
-1
629
103
443
402
652
-1
527
102
817
594
733
307
76
358
338
87
181
111
257
401
205
205
8
8
703
74
193
199
152
27
778
686
20
489
789
-1
-1
524
535
501
626
-1
355
442
442
1
431
60
339
518
419
419
450
775
80
833
44
784
-1
237
243
320
264
104
89
462
593
-1
185
664
662
898
506
371
592
861
73
73
771
374
311
371
152
152
730
81
187
-1
-1
915
231
-1
-1
468
180
485
-1
-1
-1
-1
-1
-1
-1
-1
-1
-1
-1
-1
-1
462
574
-1
137
535
535
77
142
457
57
57
648
-1
827
591
161
651
225
472
134
377
284
393
565
355
390
796
291
555
525
-1
123
695
15
648
648
648
410
331
492
487
473
32
723
723
382
120
-1
55
460
460
460
460
460
573
573
75
14
885
836
-1
361
661
-1
751
718
205
389
325
-1
512
102
130
469
690
-1
222
222
222
222
222
222
260
373
432
65
755
552
-1
70
70
70
94
709
529
529
529
287
676
676
676
676
676
676
676
676
676
676
676
676
676
676
676
676
676
676
676
676
676
676
676
676
676
676
676
676
676
676
676
676
676
676
676
676
676
-1
764
297
369
-1
131
169
321
698
672
672
258
470
35
567
21
725
288
421
245
-1
-1
-1
676
676
-1
446
747
-1
415
536
129
173
244
153
649
792
91
40
221
413
413
413
738
154
-1
-1
290
189
498
489
174
47
171
420
-1
106
-1
-1
645
594
594
-1
652
652
615
111
270
744
463
693
158
158
194
567
249
234
788
662
232
24
594
594
594
700
391
352
449
566
399
-1
246
546
727
414
273
581
289
185
278
400
633
283
283
123
408
441
317
57
-1
729
106
791
43
308
308
645
743
700
79
275
526
657
657
895
32
32
32
32
32
32
32
32
32
285
704
446
736
546
735
3
-1
396
814
367
519
305
66
97
540
19
-1
824
810
-1
23
537
-1
-1
-1
175
175
794
408
701
711
386
907
78
350
439
74
896
435
255
63
-1
152
-1
-1
610
457
677
707
257
874
874
874
794
164
766
6
379
563
879
879
661
-1
-1
370
515
411
411
16
686
667
544
207
207
742
523
-1
-1
-1
257
764
-1
409
454
782
126
391
571
384
347
-1
726
373
-1
187
196
771
1
814
401
694
-1
-1
-1
-1
-1
-1
-1
-1
-1
-1
-1
-1
-1
-1
-1
-1
-1
-1
-1
-1
-1
-1
-1
-1
-1
-1
-1
-1
-1
-1
417
462
462
462
412
43
-1
414
744
10
672
768
3
341
305
45
468
696
-1
112
304
502
838
677
216
285
-1
247
464
30
648
648
648
648
648
648
648
648
648
648
648
648
648
648
648
648
648
648
648
418
693
325
140
187
187
546
247
602
373
257
356
401
439
-1
706
484
66
663
361
715
49
-1
-1
-1
340
180
-1
-1
-1
-1
150
150
495
322
-1
80
462
113
626
710
-1
259
49
509
661
661
666
466
466
627
27
152
550
772
772
-1
599
718
23
23
23
23
23
23
23
23
23
23
23
23
23
23
-1
318
203
884
165
286
117
838
608
220
0
153
511
805
123
486
324
350
255
67
99
722
722
722
-1
510
874
874
-1
364
83
365
343
106
106
106
106
211
839
-1
355
87
774
-1
7
7
464
693
186
795
464
73
178
33
575
529
529
288
-1
806
270
776
398
226
226
541
22
-1
166
543
543
543
543
543
543
543
543
543
543
543
543
543
543
594
594
555
465
164
164
-1
730
198
465
465
465
465
465
465
465
465
465
465
465
465
465
465
465
465
465
465
465
465
465
465
915
663
418
183
718
-1
434
-1
176
92
686
-1
-1
574
-1
31
232
399
572
432
147
663
58
742
376
701
166
369
513
365
95
688
288
652
652
132
132
266
-1
566
423
92
-1
191
913
91
765
-1
300
79
567
133
690
715
132
132
8
8
717
686
709
143
138
482
686
411
252
234
362
384
501
279
211
6
371
307
198
544
577
223
223
223
223
223
223
223
223
223
223
223
223
223
223
223
712
877
-1
362
270
253
337
402
261
136
171
52
457
487
712
226
-1
224
460
342
-1
43
621
80
228
253
253
253
253
253
253
253
253
253
253
253
253
253
253
253
253
253
253
253
565
604
57
57
224
-1
770
362
390
392
-1
821
729
117
117
164
125
466
394
394
582
35
188
808
15
591
529
535
460
750
417
540
60
848
365
664
905
578
752
17
212
402
409
104
104
104
104
306
220
399
470
523
-1
-1
-1
125
366
900
491
256
256
256
256
256
256
256
256
256
256
256
256
256
256
256
256
256
256
256
256
