775
610
315
187
797
797
241
-1
660
249
-1
158
158
158
158
31
31
734
223
437
328
708
708
540
754
388
35
-1
699
141
141
422
-1
620
157
-1
793
793
221
882
882
486
714
329
543
37
37
25
463
286
286
105
-1
495
839
104
193
428
-1
-1
264
461
28
28
28
28
145
242
170
170
567
374
50
724
-1
843
27
446
411
2
35
25
39
39
427
677
504
711
558
81
-1
663
73
320
320
735
446
446
763
456
474
-1
698
-1
735
155
155
155
-1
541
-1
798
746
342
342
342
342
469
748
556
684
48
65
-1
730
776
262
71
-1
185
524
249
180
52
272
-1
704
440
595
-1
257
10
563
563
563
563
563
563
563
563
563
58
825
-1
805
249
173
-1
-1
65
117
121
121
309
-1
851
345
438
5
274
-1
707
707
524
64
-1
56
701
723
496
378
378
378
414
754
389
238
813
474
119
878
-1
470
470
470
470
470
470
470
470
470
470
470
33
49
49
587
155
358
764
266
703
284
271
238
908
238
-1
232
257
818
15
63
575
571
-1
412
220
-1
-1
694
95
623
678
565
656
727
413
-1
345
259
338
308
308
543
-1
546
711
-1
568
25
187
647
218
428
304
790
166
894
270
270
270
141
639
47
414
344
-1
240
83
890
653
154
317
172
492
803
803
803
-1
362
-1
687
470
438
-1
-1
-1
-1
345
369
346
650
419
512
-1
689
831
526
-1
328
130
-1
568
213
-1
481
546
448
653
120
512
-1
660
204
575
212
-1
726
308
248
177
654
158
774
426
44
545
339
748
748
748
748
542
845
879
701
495
352
655
236
-1
-1
-1
-1
-1
-1
363
-1
101
875
778
21
339
613
613
613
613
613
613
613
613
613
613
613
613
613
613
613
234
242
421
542
668
776
456
-1
-1
-1
-1
438
-1
-1
240
409
409
409
-1
23
164
274
856
579
255
255
302
728
534
437
588
555
555
37
462
49
457
143
769
207
2
307
115
812
449
245
510
191
206
750
750
778
306
34
202
581
-1
-1
-1
-1
781
96
73
73
73
592
-1
890
890
440
445
445
9
9
9
9
902
673
466
128
524
-1
308
92
48
48
48
48
48
48
48
48
48
380
719
-1
891
-1
678
-1
770
244
244
244
244
244
244
17
27
-1
908
96
181
181
442
688
71
592
211
517
779
373
272
-1
679
56
438
69
148
664
-1
-1
128
218
601
120
156
762
151
400
780
384
384
384
486
30
-1
667
650
429
663
663
663
663
663
663
663
663
663
663
663
663
663
663
663
663
663
663
663
663
663
325
-1
516
186
451
48
692
213
104
390
282
431
137
-1
559
355
771
-1
689
616
616
90
171
656
652
-1
686
393
585
418
822
822
822
822
822
822
822
822
822
822
822
822
822
822
822
822
822
822
822
822
822
822
822
822
822
822
822
822
822
822
822
822
822
822
822
822
822
822
822
822
822
822
822
822
822
822
822
822
822
822
822
822
822
822
822
822
822
822
822
822
822
822
822
822
822
822
822
822
822
822
822
822
822
822
822
822
822
822
822
822
822
822
822
822
822
822
822
822
822
822
822
822
822
822
822
822
822
822
822
822
822
822
822
822
822
822
822
822
822
822
822
822
822
822
822
822
822
822
822
822
822
822
822
822
822
822
822
822
822
822
822
822
822
822
822
822
822
822
822
822
822
822
822
822
822
822
822
822
822
822
822
822
822
822
822
822
822
822
822
822
822
822
822
822
822
822
822
822
822
822
822
822
822
822
822
822
822
822
822
822
822
822
822
822
822
822
822
822
822
822
822
822
822
822
822
822
822
822
822
822
822
822
822
822
822
822
822
822
822
822
822
822
822
822
822
822
822
822
822
822
822
822
822
822
822
822
822
822
822
822
822
822
822
822
822
822
822
822
822
822
822
822
822
822
822
822
822
822
822
822
822
822
822
822
822
822
822
822
822
822
822
822
822
822
822
822
822
822
822
822
822
822
822
822
822
822
822
822
822
822
822
822
822
822
822
822
822
822
822
822
822
822
822
822
822
822
822
822
822
822
822
822
822
822
822
822
822
822
822
822
822
822
822
822
822
822
822
822
822
822
822
822
822
822
822
822
822
822
822
822
822
822
822
822
822
822
822
822
822
822
822
822
822
822
822
822
822
822
822
822
822
822
822
822
822
822
822
822
822
822
822
822
822
822
822
822
822
822
822
822
822
822
822
822
822
822
822
822
822
822
822
822
822
822
822
822
822
822
822
822
822
822
822
822
822
822
822
822
822
822
822
822
822
822
822
822
822
822
822
822
822
822
822
822
822
822
822
822
822
822
822
822
822
822
822
822
822
822
822
822
822
822
822
822
822
822
822
822
822
822
822
822
822
822
822
822
822
822
822
822
822
822
822
822
822
822
822
822
822
822
822
822
822
822
822
822
822
822
822
822
822
822
822
822
822
822
822
822
822
822
822
822
822
822
822
822
822
822
822
822
822
822
822
822
822
822
822
822
822
822
822
822
822
822
822
822
822
822
822
822
822
822
822
822
822
822
822
822
822
822
822
822
822
822
822
822
822
822
822
822
822
822
822
822
822
822
822
822
822
822
822
822
822
822
822
822
822
822
822
822
822
822
822
822
822
822
822
822
822
822
822
822
822
822
822
822
822
822
822
822
822
822
822
822
822
822
822
822
822
822
822
822
822
822
822
822
822
822
822
822
822
822
822
822
822
822
822
822
822
822
822
822
822
822
822
822
822
822
822
822
822
822
822
822
822
822
822
822
822
822
822
822
822
822
822
822
822
822
822
822
822
822
822
822
822
822
822
822
822
822
822
822
822
822
822
822
822
822
822
822
822
822
822
822
822
822
822
822
822
822
822
822
822
822
822
822
822
822
822
822
822
822
822
822
822
822
822
822
822
822
822
822
822
822
822
822
822
822
822
822
822
822
822
822
822
822
822
822
822
822
822
822
822
822
822
822
822
822
822
822
822
822
822
822
822
822
822
822
822
822
822
822
822
822
822
822
822
822
822
822
822
822
822
822
822
822
822
822
822
822
822
822
822
822
822
822
822
822
822
822
822
822
822
822
822
822
822
822
822
822
822
822
822
822
822
822
822
822
822
822
822
822
822
822
822
822
822
822
822
822
822
822
822
822
822
822
822
822
822
822
822
822
822
822
822
822
822
822
822
822
822
822
822
822
822
822
822
822
822
822
822
822
822
822
822
822
822
822
822
822
822
822
822
822
822
822
822
822
822
822
822
822
822
822
822
822
822
822
822
822
822
822
822
822
822
822
822
822
822
822
822
822
822
822
822
822
822
822
822
822
822
822
822
822
822
822
822
822
822
822
822
822
822
822
822
822
822
822
822
822
822
822
822
822
822
822
822
822
822
822
822
822
822
822
822
822
822
822
822
822
822
822
822
822
822
822
822
822
822
822
822
822
822
822
822
822
822
822
822
822
822
822
822
822
822
822
822
822
822
822
822
822
822
822
822
822
822
822
822
822
822
822
822
584
584
3
-1
182
182
368
433
230
320
646
512
710
189
25
847
359
359
359
359
359
359
359
359
359
359
584
462
213
213
213
213
213
213
213
213
213
213
213
213
213
213
213
213
213
524
27
89
792
792
792
792
792
583
5
5
527
500
652
2
345
345
369
84
84
11
11
11
11
11
373
66
66
66
66
371
1
677
601
321
406
196
113
773
399
221
25
66
683
-1
768
177
694
-1
20
699
429
698
650
431
126
102
693
693
693
693
693
693
315
653
-1
-1
687
687
687
654
654
519
548
57
185
744
744
744
744
348
40
226
226
226
569
254
470
513
-1
320
868
868
868
868
868
868
868
868
868
868
868
868
-1
-1
-1
-1
-1
-1
-1
222
-1
774
652
668
684
343
54
46
119
370
699
699
138
317
613
-1
865
865
-1
280
-1
457
320
356
108
753
86
799
873
584
749
749
29
-1
-1
63
718
718
718
718
718
826
748
322
880
794
441
510
754
757
827
627
-1
35
558
23
165
97
536
521
383
549
-1
265
504
273
274
711
339
432
775
140
340
-1
-1
462
480
659
163
73
495
495
180
160
205
115
373
23
331
538
298
127
319
651
676
676
676
676
676
676
676
676
676
676
676
676
676
676
676
676
676
676
676
676
676
676
676
676
676
676
676
676
676
676
676
676
676
676
676
676
676
676
676
676
186
206
440
-1
659
411
59
173
268
377
652
652
652
133
99
253
52
440
-1
548
-1
665
13
736
298
25
327
-1
512
454
416
416
454
390
-1
660
90
322
579
501
559
752
30
18
525
341
295
39
394
735
543
543
203
-1
290
394
612
767
-1
21
21
21
21
21
21
21
21
21
21
21
686
381
653
362
362
-1
303
47
756
571
370
417
332
189
67
67
362
208
23
704
651
651
254
358
499
798
798
798
798
561
197
197
348
38
38
38
38
38
69
197
647
647
647
647
647
90
143
110
3
3
506
206
306
731
44
137
361
639
469
551
151
92
759
367
56
522
522
799
414
281
-1
58
656
288
96
725
663
3
75
67
67
291
78
751
496
562
564
719
699
8
441
441
251
559
770
343
578
57
57
57
57
57
57
57
57
57
57
57
57
57
57
399
360
279
73
642
218
131
558
684
684
684
405
366
-1
586
-1
-1
-1
-1
-1
-1
-1
675
878
698
508
-1
342
154
-1
302
340
316
731
899
168
156
559
566
733
180
105
105
806
-1
501
198
198
198
198
198
198
198
198
198
198
198
-1
268
-1
266
-1
272
-1
-1
-1
-1
-1
-1
-1
-1
-1
-1
-1
-1
-1
-1
-1
-1
-1
-1
-1
-1
-1
-1
-1
-1
-1
-1
-1
-1
811
410
666
579
305
268
733
2
748
156
318
561
315
665
717
135
313
710
315
418
599
57
1
797
119
447
660
386
583
192
354
654
780
280
315
168
726
726
726
726
726
726
726
726
726
726
726
726
726
726
726
726
726
726
726
726
726
726
726
726
726
726
726
726
726
726
726
726
726
726
726
726
726
726
726
726
726
726
726
726
726
726
726
726
726
726
726
726
726
726
726
726
726
726
726
726
726
726
726
726
726
726
726
726
726
726
726
726
726
726
726
726
726
726
726
726
726
726
726
726
726
726
726
726
726
726
726
726
726
726
726
726
726
726
726
726
726
726
726
726
726
726
726
726
726
726
726
726
726
726
726
726
726
726
726
131
348
557
557
465
-1
200
780
592
178
175
165
-1
490
761
747
-1
22
22
22
22
22
22
804
89
648
547
653
313
663
89
50
602
418
543
30
355
674
556
556
556
556
556
556
-1
399
483
483
19
440
335
373
615
500
521
188
521
521
351
335
544
237
424
274
784
159
765
784
426
75
646
646
55
-1
854
854
411
553
492
583
583
583
213
58
778
653
571
411
528
332
15
-1
-1
544
312
657
781
736
191
-1
156
39
870
760
292
598
-1
171
534
487
725
108
152
198
344
191
191
-1
-1
-1
-1
-1
916
780
780
780
639
330
55
616
443
599
599
599
10
183
641
6
374
549
340
591
501
183
144
359
259
315
153
746
746
300
261
261
158
498
784
527
-1
42
390
331
331
550
445
29
75
305
39
436
28
223
223
71
577
564
662
338
747
66
66
66
66
875
875
875
875
88
382
110
94
-1
371
67
441
415
40
132
457
608
641
89
313
670
670
343
-1
887
779
646
193
-1
-1
17
773
81
764
-1
38
112
481
148
384
424
698
74
125
19
114
257
831
-1
159
180
296
-1
-1
-1
-1
523
-1
59
563
-1
67
495
386
386
386
447
350
646
293
450
684
583
13
-1
49
437
791
301
740
66
416
258
159
576
417
340
872
-1
123
129
565
686
32
77
442
577
524
52
52
324
77
502
269
660
516
362
-1
213
213
235
271
36
481
-1
294
-1
701
-1
241
656
-1
364
45
125
125
125
311
77
77
380
753
-1
-1
805
436
242
568
705
163
166
327
327
327
327
327
327
327
327
327
327
327
327
327
327
327
327
327
327
327
327
310
557
562
759
771
125
-1
325
766
668
296
267
406
34
-1
451
159
203
706
717
38
-1
-1
-1
103
103
103
103
103
103
103
103
103
103
103
103
103
103
103
103
103
103
103
103
103
335
207
671
300
370
97
97
-1
-1
833
449
700
686
686
686
686
686
686
686
686
686
686
575
666
272
601
416
746
-1
-1
82
780
-1
533
533
533
199
46
499
917
262
399
-1
543
-1
348
297
-1
-1
572
360
-1
-1
-1
810
619
434
645
545
706
328
44
712
457
126
575
300
-1
34
524
419
211
46
-1
175
578
73
701
147
546
680
719
-1
599
289
798
-1
723
525
105
689
114
327
327
327
327
327
327
327
327
327
327
327
327
327
327
327
327
327
327
327
327
327
327
327
327
327
327
327
327
327
327
327
327
327
327
327
327
327
327
327
327
327
327
327
327
327
327
327
327
327
327
327
327
327
327
327
327
327
327
327
327
327
327
327
327
327
327
327
327
327
327
327
327
327
327
327
327
327
327
327
327
-1
571
571
454
318
132
552
353
-1
52
742
-1
132
-1
731
205
879
-1
11
-1
-1
-1
500
228
58
238
211
761
343
-1
135
849
849
849
644
885
563
44
99
197
575
15
29
400
156
560
577
147
25
538
538
538
538
538
538
538
107
36
36
439
47
25
25
25
25
25
25
21
453
272
259
665
293
293
781
781
781
781
781
781
781
781
781
781
781
781
-1
607
-1
-1
551
574
535
774
673
661
431
866
242
91
283
803
-1
67
828
467
716
865
167
23
339
339
366
476
789
789
789
789
789
804
401
164
667
309
771
-1
860
860
427
434
716
360
360
248
248
248
248
248
248
248
248
408
487
668
499
770
553
553
553
428
282
-1
156
258
767
323
281
188
867
-1
59
753
419
401
680
728
433
579
671
860
95
95
95
95
95
647
481
521
521
521
521
521
137
50
272
-1
-1
85
503
362
362
727
-1
-1
754
420
162
24
370
370
2
261
205
600
663
-1
410
178
418
341
298
821
71
39
424
424
424
424
424
424
424
424
424
424
424
424
424
424
424
424
424
424
424
424
424
424
424
424
424
424
424
424
424
424
424
424
424
424
424
424
424
424
424
424
424
424
424
424
424
424
424
424
424
424
424
424
424
424
424
424
424
424
424
424
424
424
424
424
424
424
424
424
424
424
424
424
424
424
424
386
89
874
461
169
42
47
47
47
47
47
532
29
-1
413
413
784
387
387
387
387
387
387
387
387
387
575
66
-1
-1
-1
508
44
438
438
253
190
848
-1
-1
738
450
167
-1
-1
521
207
325
167
296
460
-1
466
502
676
258
709
820
671
753
289
-1
82
306
344
578
529
782
103
719
-1
712
507
423
-1
440
204
168
26
371
465
486
260
191
248
248
196
449
39
99
380
52
566
-1
135
133
491
897
662
355
88
463
506
506
506
800
263
189
21
881
571
368
-1
203
93
93
93
93
-1
463
284
723
660
907
23
19
373
254
585
519
567
718
92
552
-1
626
-1
186
392
700
-1
-1
582
899
578
235
48
48
580
438
442
315
162
904
121
121
121
822
-1
322
-1
530
576
686
132
225
665
224
777
387
110
677
751
503
-1
460
167
796
311
311
311
311
311
311
580
228
-1
279
-1
288
441
-1
587
523
-1
-1
624
-1
567
392
662
52
317
221
89
-1
510
766
716
95
663
437
440
440
542
542
748
102
102
30
721
559
138
269
82
55
117
783
130
130
130
108
489
735
-1
142
661
661
661
661
661
166
75
213
213
256
424
723
104
401
401
-1
28
838
518
748
-1
799
38
827
440
176
178
701
232
295
566
540
582
138
535
535
696
280
48
862
-1
740
200
424
546
483
85
624
689
183
225
519
111
106
557
20
20
724
-1
376
507
403
403
672
156
25
514
294
560
470
574
169
414
573
170
793
257
-1
536
520
600
307
703
85
-1
814
814
369
-1
818
176
814
293
683
300
225
-1
325
917
393
146
469
227
493
143
61
841
18
318
318
318
318
318
-1
554
99
678
121
-1
763
207
-1
393
850
52
569
747
524
512
307
749
-1
-1
8
87
38
655
315
710
799
376
-1
77
872
711
-1
-1
231
-1
13
116
494
221
253
-1
331
306
716
338
338
338
338
338
831
311
645
645
-1
183
538
109
448
754
764
763
763
724
645
399
440
723
532
532
27
793
793
793
23
-1
-1
317
317
317
317
317
317
317
317
317
317
317
317
317
317
317
317
317
317
317
317
317
317
317
317
317
317
317
458
287
570
428
619
-1
226
217
50
715
-1
-1
898
661
81
429
496
106
73
304
751
112
4
734
734
734
-1
415
609
845
379
379
379
379
379
379
379
379
379
676
245
-1
45
75
525
525
525
525
525
525
525
-1
34
12
142
142
142
142
142
142
142
142
142
142
142
142
142
142
142
142
142
142
142
262
727
265
413
886
8
672
575
683
778
287
247
612
399
429
606
481
-1
-1
476
587
-1
412
92
92
581
-1
167
188
560
380
200
880
-1
188
227
227
227
227
227
227
227
227
227
227
227
227
227
227
137
156
413
-1
731
356
670
100
-1
542
542
678
115
409
419
220
885
88
703
557
180
544
274
274
348
733
94
-1
193
56
56
56
56
56
56
56
56
56
56
56
56
56
56
56
56
56
56
56
56
-1
381
461
768
715
134
-1
528
491
578
578
807
177
393
664
470
802
246
246
246
246
246
246
246
246
246
246
246
690
29
513
654
586
586
586
-1
280
-1
301
273
273
37
467
467
645
271
180
108
733
208
-1
-1
128
612
-1
896
679
795
371
506
526
526
433
13
298
462
526
526
212
308
-1
671
251
41
204
466
508
-1
-1
-1
866
40
-1
156
124
118
284
736
736
263
676
792
792
-1
264
400
328
74
-1
790
241
171
181
721
102
-1
22
306
336
708
416
416
333
657
657
657
634
502
-1
-1
-1
358
754
438
-1
-1
-1
-1
-1
-1
-1
690
312
515
515
37
712
843
670
671
-1
-1
102
335
-1
382
27
-1
866
541
-1
364
134
622
80
-1
-1
-1
-1
696
98
338
136
113
777
-1
803
48
532
100
144
-1
771
75
612
25
355
29
0
662
234
-1
685
35
880
310
169
763
568
-1
541
845
226
677
677
677
677
677
677
677
677
218
263
694
694
281
-1
308
382
17
204
413
92
-1
-1
447
447
447
447
105
105
-1
444
517
791
211
552
13
699
722
776
350
788
577
277
96
336
495
360
290
776
27
599
418
418
418
418
418
418
418
418
29
63
63
63
91
342
-1
707
49
245
405
493
23
456
-1
575
470
664
557
328
274
274
427
-1
-1
-1
551
702
502
306
322
793
164
555
652
761
-1
715
112
407
855
820
456
183
-1
209
384
24
173
173
41
494
97
777
82
371
464
70
182
248
751
488
570
-1
-1
831
207
538
852
272
513
46
679
679
451
866
217
-1
612
-1
278
-1
38
496
390
135
534
-1
685
81
81
81
81
721
127
507
507
554
616
616
160
440
707
545
60
641
78
573
573
573
865
-1
284
-1
235
178
686
-1
634
404
-1
392
794
273
8
348
218
89
89
89
89
89
151
345
597
883
43
17
405
405
10
740
643
829
-1
477
777
-1
-1
851
153
200
-1
252
252
94
105
212
486
159
663
495
685
-1
-1
-1
308
-1
62
530
-1
468
540
-1
193
193
193
-1
537
670
489
-1
692
422
786
152
152
123
121
246
406
511
733
565
434
488
332
57
332
429
-1
34
492
495
495
848
220
296
567
413
186
365
344
675
80
296
357
127
448
-1
-1
-1
-1
-1
-1
-1
-1
-1
-1
-1
-1
-1
-1
-1
-1
-1
-1
-1
-1
-1
-1
-1
-1
-1
-1
-1
-1
-1
-1
-1
-1
426
-1
146
197
687
711
631
257
303
303
110
768
-1
253
62
485
9
-1
705
-1
738
378
-1
-1
185
900
426
443
456
456
783
748
748
904
523
256
859
669
669
453
-1
640
344
324
324
203
632
352
352
352
352
352
352
352
352
352
352
352
352
352
352
196
886
414
-1
-1
-1
406
-1
460
226
285
285
211
589
445
-1
293
-1
-1
123
148
463
558
267
392
392
392
392
271
156
114
-1
658
317
508
92
692
476
-1
633
-1
172
172
540
351
577
85
740
248
708
-1
719
692
577
103
101
300
-1
368
692
192
702
66
66
66
66
66
66
66
66
442
442
442
442
442
442
442
442
442
442
442
442
442
442
442
442
442
442
442
442
442
442
442
384
384
384
577
712
336
313
300
51
27
27
651
769
556
310
114
379
736
736
-1
276
276
538
775
114
641
876
876
414
562
505
367
14
289
433
83
910
77
77
77
-1
-1
413
411
443
-1
438
176
494
255
486
609
-1
304
692
170
-1
549
284
743
743
743
686
-1
565
273
326
580
740
19
841
-1
97
21
875
688
432
400
413
131
576
908
908
908
386
144
777
280
626
551
450
551
360
735
554
128
872
202
579
458
42
402
477
-1
572
752
164
529
523
596
189
18
727
-1
186
373
169
223
653
796
34
186
607
395
181
421
523
313
313
-1
185
771
843
765
508
66
419
343
232
232
232
31
126
126
126
126
126
126
89
398
322
322
322
816
246
687
450
593
-1
185
649
27
549
516
422
-1
20
205
481
481
481
481
481
-1
568
334
747
747
415
103
75
95
446
308
304
750
57
702
154
473
30
101
5
5
5
5
5
5
-1
94
369
711
299
178
310
-1
347
508
186
-1
411
411
15
245
418
67
526
526
526
526
526
494
525
54
62
62
62
62
62
62
62
62
62
62
62
62
62
62
62
62
62
62
62
62
62
62
62
62
62
62
62
62
62
62
62
62
62
62
62
62
62
62
62
62
62
62
62
62
62
62
62
62
62
62
62
62
62
62
62
62
62
62
62
62
62
62
-1
64
75
614
396
192
-1
498
376
884
592
664
678
151
183
248
132
530
-1
496
441
427
427
511
864
106
202
472
778
-1
704
840
77
28
559
652
424
11
773
773
4
4
4
387
0
774
774
392
678
7
576
8
317
188
24
814
-1
451
585
13
557
557
787
663
595
775
775
-1
517
112
655
336
63
162
162
162
162
162
162
162
162
162
162
348
836
166
-1
96
23
388
774
208
208
208
208
208
208
208
208
208
208
208
208
208
208
208
208
208
208
46
42
526
412
244
600
480
696
267
493
513
315
239
239
191
350
350
126
-1
462
782
-1
525
26
91
621
370
86
86
718
718
393
474
752
780
698
55
388
193
299
70
673
255
515
426
29
90
843
398
440
52
52
544
902
818
109
687
687
687
120
378
391
490
465
369
369
-1
199
203
746
-1
436
394
351
736
-1
106
106
251
417
417
710
280
508
-1
678
30
-1
305
193
193
193
193
193
782
592
140
-1
52
531
531
474
696
160
-1
-1
895
542
624
875
60
278
486
56
2
592
308
598
563
588
188
75
527
218
407
92
589
449
684
730
433
662
521
167
693
693
693
693
682
46
671
671
671
671
671
671
671
671
671
306
-1
-1
366
387
375
423
567
227
909
909
247
790
579
435
331
366
832
-1
458
503
447
225
315
140
222
97
308
-1
779
532
-1
167
-1
735
711
109
192
394
677
598
385
6
648
225
442
442
442
442
442
442
442
442
62
591
534
60
132
132
132
119
686
535
613
-1
17
710
394
193
571
8
122
-1
649
118
-1
-1
-1
-1
18
-1
364
647
168
749
880
817
234
404
139
826
20
377
377
218
317
145
13
12
54
208
-1
448
402
402
731
731
-1
702
729
544
-1
-1
562
391
323
340
559
332
480
-1
567
144
775
653
342
235
131
659
558
322
850
612
530
530
530
-1
321
14
824
38
717
813
582
797
772
226
270
177
744
90
510
306
726
337
450
762
29
792
257
381
712
712
712
815
-1
644
510
493
736
-1
686
642
642
-1
663
538
711
542
542
392
19
-1
748
748
24
163
518
330
-1
-1
41
-1
187
93
29
746
805
148
709
531
-1
462
528
9
230
252
-1
893
50
-1
696
443
868
591
273
152
14
791
661
163
-1
702
157
353
795
407
359
683
733
733
328
474
651
790
84
84
660
103
515
798
256
565
729
729
729
729
729
729
729
729
729
729
729
34
34
34
90
-1
-1
803
541
92
-1
-1
-1
592
13
241
758
715
398
371
771
805
730
730
730
714
799
140
270
270
532
191
191
191
533
275
-1
130
130
155
728
-1
145
145
145
145
145
145
145
23
224
85
86
765
355
164
-1
369
405
458
344
803
90
197
197
868
820
171
749
221
620
364
364
364
364
412
235
817
884
884
884
884
884
884
884
543
232
-1
498
555
555
555
555
555
155
722
722
722
722
722
-1
242
242
242
748
256
406
448
-1
-1
166
407
874
434
434
434
434
434
434
434
434
434
434
434
783
824
337
36
36
-1
-1
-1
736
656
458
408
151
151
357
357
357
374
872
767
767
-1
453
405
662
435
305
-1
265
663
570
891
802
802
463
318
292
419
752
157
157
157
157
157
157
157
157
157
157
157
-1
48
193
597
167
110
137
575
439
672
209
394
700
716
847
187
-1
364
670
-1
808
492
454
41
376
917
359
668
577
372
85
359
721
457
39
149
567
354
-1
88
287
287
194
-1
69
170
589
256
66
25
8
8
8
8
8
8
870
282
678
406
323
137
405
-1
-1
65
261
315
151
798
798
798
296
786
786
97
445
435
73
67
701
663
-1
444
-1
54
293
324
324
122
507
332
332
332
74
49
271
658
658
373
408
408
145
494
651
584
584
-1
62
464
365
848
562
811
543
274
501
505
273
385
31
31
163
-1
324
487
-1
92
92
79
73
141
350
350
350
350
731
692
18
136
268
-1
-1
337
170
622
703
101
444
774
-1
718
357
409
73
2
440
414
414
414
619
25
161
618
295
419
869
614
29
860
389
226
256
256
-1
156
414
433
433
433
433
433
326
326
326
326
326
326
118
396
605
563
67
510
541
787
1
793
49
-1
289
668
645
-1
546
22
130
675
675
675
675
675
675
675
675
675
675
675
675
675
675
675
675
675
675
675
675
675
814
159
-1
285
285
563
133
381
719
547
74
306
843
648
648
648
648
648
171
-1
160
651
651
651
290
29
861
165
78
563
-1
6
468
343
730
668
651
651
-1
564
71
71
71
71
71
71
364
110
-1
496
491
436
304
743
2
229
473
173
-1
-1
115
268
840
58
433
433
433
178
-1
147
362
171
669
174
839
402
661
-1
473
285
773
773
773
190
42
42
524
804
346
48
-1
753
82
239
239
731
731
731
731
731
731
731
731
731
731
731
731
731
731
731
731
731
731
731
731
731
731
731
731
731
731
731
731
731
731
731
731
731
731
731
731
731
731
731
731
731
731
715
354
259
815
412
692
75
293
100
437
642
769
789
741
741
741
741
741
741
741
741
741
741
431
431
431
431
710
309
-1
77
342
342
355
297
867
241
643
298
298
307
657
381
381
546
648
356
161
-1
254
254
573
682
507
127
42
27
27
769
-1
76
76
593
325
787
162
490
490
490
490
490
490
490
490
490
490
490
490
490
490
490
490
490
490
490
490
490
124
124
124
124
-1
-1
422
453
346
325
12
653
64
393
75
713
9
9
9
-1
-1
703
263
454
645
771
581
688
58
432
-1
134
285
344
181
447
94
306
212
21
728
665
367
135
677
280
200
330
740
173
340
442
136
781
-1
781
-1
662
729
-1
67
571
265
715
175
446
423
270
270
270
752
-1
469
562
382
97
-1
320
377
336
-1
199
509
29
820
645
645
292
58
686
686
186
796
498
139
308
329
404
283
682
110
706
34
123
423
423
423
423
423
423
682
863
66
779
-1
564
238
239
-1
-1
8
8
-1
-1
518
653
277
277
754
600
600
463
-1
358
780
200
-1
444
662
-1
555
450
-1
678
134
-1
801
378
467
467
705
202
705
26
-1
581
213
839
181
126
376
18
726
100
-1
166
880
289
289
289
113
585
33
3
222
661
845
160
55
711
43
-1
260
8
-1
225
213
10
807
426
109
248
552
486
444
507
507
507
507
-1
533
533
705
726
-1
79
393
115
260
793
36
187
187
213
270
158
435
141
418
621
23
23
23
23
23
23
-1
-1
225
-1
520
334
219
155
80
841
694
844
456
659
831
538
-1
484
653
258
258
538
868
868
-1
751
398
781
446
507
75
328
754
363
244
61
333
-1
396
730
180
654
654
134
581
581
581
581
581
192
52
494
731
52
60
644
-1
598
772
194
610
252
235
316
792
695
695
644
806
318
149
149
149
149
149
149
149
149
149
149
149
149
149
149
149
149
149
149
149
149
149
149
149
149
149
149
149
149
149
149
149
149
149
149
149
149
149
149
149
149
149
149
149
149
149
149
149
149
149
149
149
149
149
149
149
149
149
149
149
149
149
149
149
149
149
149
149
149
149
149
149
149
149
149
149
149
149
149
149
149
149
149
868
868
-1
174
524
-1
354
260
556
666
101
748
719
595
663
663
31
656
644
520
514
498
714
206
11
209
701
63
-1
427
869
869
304
576
79
79
79
79
79
216
216
216
216
216
216
216
750
-1
118
364
124
674
112
225
682
92
92
92
92
92
92
92
-1
504
123
662
662
408
-1
511
166
-1
896
177
827
679
240
73
366
370
556
25
449
32
35
313
150
578
437
84
690
662
766
42
743
530
166
740
20
69
512
187
-1
490
542
774
429
429
43
107
795
413
663
80
-1
647
294
294
294
294
294
294
294
294
294
294
294
294
294
294
294
294
294
294
257
105
872
872
189
822
822
822
795
216
865
620
620
746
113
-1
-1
27
360
23
392
307
-1
194
341
394
237
449
271
650
372
530
773
150
824
290
433
778
423
801
682
300
99
99
629
180
105
2
61
310
363
276
702
848
241
157
272
272
272
813
394
721
167
305
175
648
338
-1
603
-1
19
-1
-1
311
820
405
405
611
179
117
52
284
297
297
113
773
660
568
735
591
69
-1
123
-1
369
844
310
852
279
267
272
43
130
160
160
160
160
160
160
160
160
160
160
160
160
160
160
240
771
-1
320
258
258
343
499
553
395
43
-1
509
-1
771
159
159
159
159
812
622
228
786
664
664
371
237
671
651
171
211
211
30
-1
432
160
782
672
13
514
74
450
857
751
85
513
513
54
54
54
54
54
54
54
54
54
54
54
54
54
54
54
54
54
54
54
54
54
54
54
54
196
104
131
50
441
25
672
847
811
500
301
309
309
309
309
309
431
64
658
820
273
273
273
362
334
433
404
88
625
0
340
157
157
-1
351
420
73
584
584
584
584
584
584
584
584
584
584
584
584
584
584
584
584
584
584
584
584
584
584
617
734
715
667
435
0
599
599
599
365
365
71
181
-1
380
791
168
299
693
441
661
110
135
325
376
20
325
895
895
177
442
-1
775
155
172
-1
-1
147
401
585
325
261
261
261
261
261
261
261
261
261
261
261
261
261
261
261
261
261
261
261
261
261
261
261
261
261
261
261
261
261
261
261
261
261
261
261
261
261
261
261
261
261
261
261
261
261
261
261
261
261
261
261
261
261
261
261
261
261
261
261
261
261
261
261
261
261
210
57
442
136
37
493
493
493
-1
336
269
269
269
269
269
269
269
269
269
269
269
269
269
269
269
269
269
269
269
269
269
269
269
184
257
557
496
582
193
517
167
170
-1
610
-1
729
-1
287
464
914
435
435
435
435
435
435
435
435
435
435
435
435
435
435
435
435
435
435
435
435
435
435
435
435
435
125
-1
-1
20
386
51
417
89
365
74
582
108
51
111
292
309
668
789
151
862
388
319
292
342
189
229
331
36
517
795
210
212
181
52
232
232
567
281
650
818
-1
365
499
15
416
788
307
-1
507
356
137
483
744
-1
775
346
-1
87
677
119
782
782
733
507
76
-1
662
308
741
101
218
-1
186
583
595
201
201
201
201
201
260
465
508
508
508
245
86
124
560
747
-1
276
605
-1
359
870
411
478
-1
226
246
70
400
65
556
402
344
775
320
530
618
175
-1
878
878
878
-1
677
384
727
801
26
556
11
-1
421
-1
-1
551
-1
579
545
383
85
793
44
44
150
432
432
624
673
673
673
467
204
463
167
379
74
306
101
25
690
88
98
-1
-1
109
457
504
773
558
138
752
57
-1
395
-1
662
439
-1
251
323
565
718
718
527
111
145
-1
744
629
629
629
629
629
629
629
629
629
629
629
629
629
629
629
629
268
40
579
356
316
556
439
426
273
26
75
91
342
471
471
471
471
471
471
471
471
471
471
471
471
471
471
471
471
471
471
471
471
471
471
471
471
471
471
471
471
471
471
471
471
471
471
471
471
471
471
471
471
471
471
471
471
471
471
471
471
471
471
471
471
471
471
471
471
471
471
471
471
471
471
471
471
471
471
471
471
471
471
471
471
471
471
471
471
471
471
471
471
471
471
471
471
471
471
471
471
471
471
471
471
471
471
471
471
471
471
-1
285
-1
52
104
104
104
104
104
566
863
355
889
510
333
499
799
657
487
625
368
755
666
208
208
208
208
208
372
242
764
-1
846
297
97
387
389
439
-1
137
725
807
190
829
-1
135
445
604
823
823
38
185
705
873
851
412
324
866
338
338
532
320
581
556
392
509
113
489
-1
680
11
837
818
914
904
268
-1
619
403
530
306
306
306
308
747
747
747
747
669
273
702
780
686
286
729
284
-1
-1
309
865
-1
879
879
-1
8
-1
614
688
688
688
-1
711
766
814
-1
116
-1
-1
577
519
512
143
88
519
73
361
303
-1
307
578
-1
592
668
412
412
717
563
551
434
571
262
308
519
162
280
368
58
238
484
40
40
815
264
730
219
530
331
292
151
-1
405
75
-1
508
311
235
2
110
58
553
723
-1
76
113
408
238
393
776
776
297
-1
521
337
337
707
785
149
8
575
658
478
726
374
-1
445
119
119
119
119
119
119
473
-1
-1
532
653
127
127
127
127
578
578
467
-1
479
543
223
887
41
617
746
338
508
527
-1
475
572
262
661
229
229
2
2
2
221
37
555
365
-1
674
98
98
499
499
499
499
288
12
-1
878
479
558
439
282
42
586
323
323
323
323
323
659
592
592
-1
427
201
775
163
773
120
824
262
300
306
306
306
306
306
-1
-1
-1
-1
221
-1
207
720
159
219
219
219
607
119
-1
66
736
240
467
583
742
386
257
664
664
814
75
699
59
59
492
492
492
79
143
15
380
449
493
495
558
558
714
367
766
694
526
67
67
67
383
824
204
-1
820
-1
358
485
446
664
743
370
-1
462
152
138
25
231
231
75
229
-1
169
900
900
189
727
874
734
734
575
651
342
821
294
248
107
363
329
907
907
722
814
436
727
817
66
806
361
218
204
754
450
663
65
321
-1
226
688
-1
182
-1
477
93
107
107
107
107
107
107
107
107
107
380
388
533
665
665
751
-1
-1
733
733
733
733
733
733
733
733
733
733
733
733
733
733
733
733
733
-1
529
529
720
-1
595
595
595
608
458
-1
812
294
524
736
537
105
650
763
794
794
552
28
558
112
121
665
665
665
665
670
687
281
596
596
521
225
511
514
244
122
317
341
717
7
799
791
80
80
80
80
80
175
57
816
816
712
651
726
736
557
361
24
197
473
323
123
225
93
404
821
792
807
592
388
312
714
-1
653
692
151
712
712
565
231
887
223
307
-1
-1
115
-1
721
476
-1
178
209
285
479
479
435
378
-1
516
67
33
369
78
523
165
44
436
117
19
230
-1
604
377
166
-1
318
330
286
286
286
286
286
286
286
286
256
311
763
763
763
395
667
54
680
229
667
318
372
444
748
405
-1
87
188
238
131
624
356
326
114
299
12
491
-1
-1
183
183
183
183
183
183
183
183
-1
27
469
326
326
326
326
722
492
721
721
721
721
721
-1
725
662
700
652
652
240
240
155
155
178
249
738
251
336
9
668
467
-1
106
52
8
583
243
243
677
486
426
569
-1
155
155
155
155
155
155
155
155
155
155
155
155
155
155
701
648
137
254
74
59
23
367
367
299
370
724
548
368
57
144
555
725
789
449
449
449
449
449
91
842
-1
852
167
167
394
420
771
224
399
9
557
360
360
360
360
360
360
360
360
-1
-1
615
615
615
615
615
615
550
550
13
830
917
491
460
723
299
828
41
444
466
26
315
175
296
240
70
230
585
-1
-1
-1
-1
-1
626
684
-1
721
-1
724
353
353
353
353
353
353
353
353
353
353
652
-1
530
530
530
225
356
336
524
444
555
228
170
581
544
523
137
44
44
771
368
807
807
496
496
457
506
622
27
25
388
-1
17
17
17
109
860
548
21
756
161
424
424
424
424
424
424
424
372
675
208
77
312
437
247
153
153
153
153
153
153
153
153
153
153
153
153
153
153
153
153
153
153
241
31
291
285
802
837
174
558
376
-1
263
403
155
829
540
351
198
198
482
159
219
321
320
320
821
693
255
112
770
664
727
278
-1
228
487
450
652
549
369
865
190
664
664
66
66
66
66
-1
408
222
542
542
30
751
751
741
513
170
220
-1
-1
-1
124
787
6
414
-1
752
401
356
-1
629
103
443
443
402
402
652
812
527
102
817
594
594
594
733
307
76
358
358
358
358
358
358
358
358
358
358
358
358
358
358
358
358
358
358
358
358
358
358
358
358
358
358
338
338
87
181
111
257
257
257
401
205
8
8
703
74
193
199
152
27
778
686
20
489
489
789
-1
-1
-1
-1
-1
-1
-1
-1
-1
-1
-1
-1
-1
-1
-1
-1
-1
-1
891
524
535
501
-1
612
612
612
612
612
612
612
612
612
612
612
612
612
612
612
612
612
612
612
612
612
612
612
612
612
612
612
612
612
612
612
612
612
612
612
612
612
612
612
612
612
612
612
612
612
612
612
612
612
612
612
612
612
612
612
612
612
612
612
612
612
612
612
612
612
612
612
612
612
612
612
612
612
612
612
612
612
612
612
612
612
612
612
612
612
612
612
612
612
612
612
612
612
612
612
612
612
612
612
612
612
612
612
612
612
612
612
612
612
612
612
612
612
612
612
612
612
612
612
612
612
612
612
612
612
612
612
612
612
612
612
612
612
612
612
612
612
612
612
612
612
612
612
612
612
612
612
612
612
612
612
612
612
612
612
612
612
612
612
612
612
612
612
612
612
612
612
612
612
612
612
612
612
612
612
612
612
612
612
612
612
612
612
612
612
612
612
355
442
1
431
60
339
518
419
450
775
775
80
-1
44
784
-1
237
243
320
264
264
104
89
462
593
-1
185
664
662
-1
506
371
592
-1
73
771
771
771
771
771
771
771
374
311
371
152
152
730
81
81
187
-1
-1
231
-1
-1
-1
468
180
180
485
-1
-1
462
574
-1
137
535
77
142
457
57
648
828
827
591
161
651
225
-1
134
377
284
393
565
355
390
796
291
555
525
-1
123
123
123
123
123
647
15
697
410
331
492
487
473
32
32
32
32
32
32
32
32
32
32
32
32
32
32
32
32
32
32
32
32
32
32
723
382
120
120
632
55
460
573
573
573
75
14
-1
836
-1
361
661
832
751
718
205
389
325
-1
512
102
130
469
690
-1
222
260
373
432
65
-1
552
875
70
94
709
709
709
529
287
676
676
676
676
676
676
-1
764
297
297
297
297
369
-1
131
169
321
698
672
672
258
470
35
567
567
21
725
288
421
245
245
-1
853
488
676
488
446
747
-1
415
536
536
129
173
244
244
244
244
153
649
649
649
649
649
792
91
40
221
413
738
154
849
290
189
498
489
174
47
171
420
-1
-1
-1
106
-1
645
645
645
645
645
594
614
652
-1
111
270
744
463
693
158
194
567
249
234
788
662
232
232
232
24
594
700
700
700
700
700
700
391
391
391
391
391
391
391
391
352
449
566
399
-1
-1
-1
-1
-1
-1
-1
-1
-1
-1
-1
-1
-1
-1
-1
-1
-1
-1
-1
-1
-1
-1
-1
246
546
727
414
273
581
289
185
278
400
-1
283
283
123
408
408
441
317
57
-1
729
106
791
791
43
308
645
743
700
79
275
275
275
275
275
275
275
526
657
-1
32
285
644
446
736
546
735
3
-1
396
-1
367
519
305
66
66
97
540
19
826
824
810
870
23
23
537
873
175
794
408
701
711
386
-1
78
78
350
439
74
74
74
74
74
74
74
74
74
-1
435
255
63
-1
152
608
610
457
677
677
707
257
874
794
164
766
6
379
563
-1
661
617
370
515
411
16
686
667
544
207
742
523
820
257
-1
907
409
454
782
126
391
571
384
347
-1
726
373
-1
187
196
771
1
814
401
694
-1
417
417
417
417
417
417
417
417
417
417
417
417
417
417
462
412
43
43
-1
414
744
10
10
672
768
3
341
305
45
468
696
617
112
112
112
112
112
112
112
112
112
112
112
112
112
112
112
112
112
112
112
112
112
112
112
112
112
112
112
112
112
112
112
112
112
112
112
112
112
112
112
112
112
112
112
112
112
112
112
112
112
112
112
112
112
112
112
112
112
112
112
112
112
112
112
112
112
112
112
112
112
112
112
112
112
112
112
112
112
112
112
112
112
112
304
502
838
677
216
285
874
874
247
464
30
648
418
693
325
140
187
546
247
602
373
257
356
356
356
401
439
-1
706
-1
66
663
361
715
49
864
813
-1
340
180
860
765
822
150
495
322
-1
80
462
113
626
710
-1
259
49
509
661
661
661
661
666
466
627
27
152
550
772
867
599
718
23
764
318
203
-1
165
286
117
838
608
220
0
153
511
-1
123
123
486
324
350
255
67
99
722
-1
510
-1
505
364
83
365
343
106
211
839
-1
355
87
774
-1
-1
-1
-1
-1
7
464
693
186
795
795
464
73
178
33
575
529
288
821
-1
270
776
398
226
541
22
488
166
543
594
555
465
164
907
730
198
465
-1
663
418
183
718
-1
434
897
176
92
686
642
913
913
913
913
913
913
913
913
913
913
913
913
913
574
-1
31
232
399
572
432
432
432
432
432
147
663
58
742
376
701
166
369
513
365
95
95
95
95
95
95
95
688
288
288
288
288
288
288
288
288
288
652
132
266
266
266
266
266
818
566
423
92
-1
191
913
91
765
-1
300
79
567
133
690
715
132
8
717
686
709
143
138
482
686
411
411
411
411
411
411
411
252
234
362
384
501
279
279
211
6
371
307
198
544
577
223
712
877
-1
362
270
253
337
402
261
136
171
52
457
-1
712
226
-1
224
460
342
609
43
43
43
43
43
43
43
43
43
43
43
43
43
43
43
43
43
43
43
43
43
43
43
43
43
43
43
621
621
80
228
253
253
565
565
604
57
224
827
770
362
390
390
392
-1
-1
729
117
164
125
466
394
582
35
35
188
-1
15
15
15
15
15
15
15
15
15
15
15
15
15
15
15
15
15
15
15
15
15
15
15
15
15
15
591
529
529
535
460
750
417
540
540
60
-1
365
664
-1
578
752
17
212
402
409
104
306
220
399
470
523
523
-1
125
366
-1
491
256
175
164
45
889
-1
796
388
