775
775
610
610
610
315
187
797
241
802
660
249
-1
158
31
734
734
223
437
328
708
540
754
388
35
-1
699
141
422
872
-1
157
847
793
221
882
486
714
329
543
37
25
463
286
105
-1
495
-1
104
193
428
428
428
428
-1
907
264
461
28
145
242
170
567
374
50
724
-1
843
27
446
411
2
35
25
39
427
677
-1
711
558
81
-1
-1
663
73
320
735
735
446
-1
456
474
-1
698
822
735
155
872
541
636
798
798
798
798
798
798
746
342
469
748
556
684
48
65
621
730
776
262
71
669
185
524
249
180
52
52
52
52
272
-1
704
704
704
440
595
609
257
257
10
563
58
825
621
805
249
173
173
813
813
813
813
65
117
121
309
-1
-1
345
438
438
5
274
623
707
524
64
-1
-1
-1
-1
56
701
723
496
378
414
754
389
238
813
-1
119
-1
-1
470
33
33
49
587
155
358
358
358
358
358
358
358
358
358
764
764
764
764
266
703
284
284
271
238
-1
238
-1
-1
-1
-1
-1
-1
-1
-1
-1
-1
-1
-1
-1
232
232
257
257
818
15
63
575
571
-1
412
220
-1
-1
694
95
623
678
565
656
727
413
-1
345
259
338
308
543
609
546
711
-1
568
25
187
647
218
428
304
790
166
-1
270
141
-1
47
414
344
897
240
83
890
653
154
317
172
492
-1
-1
362
-1
687
470
438
-1
835
345
369
346
650
419
512
-1
689
-1
526
-1
328
130
-1
568
213
-1
481
481
481
546
448
653
653
120
512
-1
660
204
575
212
-1
726
308
308
248
177
654
158
774
426
44
545
339
748
542
542
542
542
542
542
542
542
542
542
542
542
542
542
542
542
542
542
542
845
-1
701
495
352
655
655
236
-1
-1
-1
-1
-1
363
-1
101
-1
778
21
21
21
339
613
234
242
421
421
542
668
776
456
826
-1
882
-1
438
481
879
240
409
840
23
164
274
-1
579
255
302
728
534
437
588
555
37
462
49
457
143
769
207
2
307
115
-1
449
245
510
191
206
206
750
778
306
34
202
581
-1
781
96
73
592
-1
890
440
445
9
-1
-1
673
466
128
524
-1
308
92
92
48
380
719
471
891
-1
678
-1
770
244
17
27
825
-1
96
96
96
96
181
442
688
688
71
592
211
517
779
373
272
-1
679
56
438
69
148
664
-1
128
218
601
120
156
-1
151
151
400
780
384
486
30
480
667
650
429
663
325
-1
516
186
451
48
692
213
104
390
282
431
137
910
559
355
771
-1
689
616
90
171
656
652
-1
-1
686
393
585
418
-1
584
3
-1
182
368
433
230
320
646
512
512
512
512
512
710
189
25
-1
359
584
462
213
524
524
524
524
524
27
89
792
583
5
527
500
652
2
345
369
84
11
373
66
371
1
677
601
321
406
196
113
773
399
221
25
25
66
683
-1
768
177
177
694
694
-1
20
699
429
698
650
431
126
102
693
315
653
653
-1
687
687
654
519
548
57
185
744
348
348
40
226
569
254
470
513
-1
320
-1
-1
222
-1
774
652
652
668
684
343
54
46
119
370
699
138
317
613
835
865
848
280
870
870
457
320
356
108
753
86
799
-1
584
749
29
-1
-1
-1
63
718
826
748
748
322
880
794
441
441
441
441
441
441
441
441
441
441
441
441
441
441
441
441
441
441
441
441
441
441
441
510
754
-1
-1
-1
853
35
558
23
23
23
23
23
23
165
97
536
521
383
549
-1
265
504
273
274
711
339
432
432
775
140
340
605
605
462
480
659
163
73
495
180
160
205
115
373
23
331
538
538
298
127
319
651
651
676
186
206
440
440
440
440
637
659
411
59
173
268
268
268
377
652
133
133
133
133
99
253
52
52
52
52
52
52
52
52
52
52
52
52
52
52
52
52
52
440
-1
-1
548
620
665
13
736
298
25
327
-1
512
454
416
454
390
-1
660
90
322
579
501
559
752
30
30
30
30
30
30
18
525
341
295
39
39
39
39
394
735
543
203
616
290
394
-1
767
-1
21
686
381
381
653
362
-1
303
47
756
571
370
417
332
189
67
362
208
23
704
651
254
358
499
499
499
798
561
197
348
38
69
197
647
90
143
110
3
506
506
506
506
506
506
506
506
206
306
731
44
137
361
-1
469
551
151
151
92
-1
367
56
522
799
414
281
-1
58
656
288
96
725
663
663
663
663
663
663
663
3
75
75
75
67
291
78
751
496
562
564
719
699
699
699
699
699
699
699
699
699
699
8
441
251
559
770
343
578
57
399
360
279
73
73
73
-1
218
131
558
684
405
366
-1
586
-1
675
-1
698
508
-1
342
154
615
302
340
316
731
-1
168
156
559
566
733
180
105
806
822
822
822
822
822
822
822
822
822
822
822
822
822
822
822
822
822
822
822
822
822
822
822
822
501
198
640
268
-1
266
-1
272
-1
-1
410
666
579
305
268
733
2
748
156
318
561
315
665
717
135
313
710
315
418
599
57
1
1
1
797
119
447
660
386
583
192
192
354
654
780
280
315
168
726
131
348
557
465
-1
200
780
592
178
178
175
165
888
490
-1
747
-1
22
804
89
648
547
653
313
663
89
50
50
602
602
602
602
547
543
30
355
674
556
556
912
399
-1
19
19
440
335
373
615
500
521
188
521
351
335
544
237
424
274
784
159
765
784
426
75
646
55
55
55
55
619
-1
411
411
411
411
411
411
411
411
411
411
411
553
492
583
213
58
778
653
571
571
411
528
528
332
15
-1
853
544
312
657
781
781
736
736
736
736
191
826
156
39
-1
-1
292
598
816
171
534
487
725
108
108
108
108
108
108
108
108
108
108
108
108
108
108
108
108
152
198
344
191
-1
-1
-1
780
-1
330
55
616
443
599
10
183
-1
6
374
549
340
591
501
183
144
359
259
315
153
746
300
261
158
498
784
527
609
42
390
331
550
445
29
29
75
305
39
436
28
223
71
577
564
662
662
662
662
662
662
662
662
662
662
662
662
662
662
662
662
662
662
662
662
662
662
662
662
338
338
338
338
747
66
875
88
382
110
94
860
371
67
441
415
415
40
132
457
-1
-1
89
313
670
343
618
618
-1
779
646
193
850
-1
-1
17
773
81
81
-1
839
38
112
481
148
384
424
698
74
125
19
114
257
831
900
159
180
296
-1
523
914
59
563
821
67
495
386
447
350
646
293
450
684
583
13
-1
49
49
49
437
437
791
301
740
66
416
416
258
159
159
159
159
159
159
576
417
340
872
-1
123
129
565
686
32
77
442
596
524
52
324
77
502
502
269
269
269
269
269
269
660
516
362
-1
-1
-1
-1
213
213
235
271
271
36
-1
-1
294
-1
701
-1
241
656
-1
364
45
125
311
77
380
753
851
-1
-1
436
242
242
568
568
705
163
166
327
310
557
562
759
771
125
-1
-1
-1
325
766
668
296
267
406
406
34
632
451
159
203
706
717
38
817
-1
103
335
335
207
671
300
370
97
627
-1
833
449
700
686
575
666
272
601
416
746
-1
82
780
761
533
199
46
46
46
46
46
46
499
-1
262
399
-1
543
912
348
297
-1
-1
572
572
360
-1
-1
-1
-1
434
645
545
706
328
44
712
457
126
575
300
-1
34
34
524
419
211
46
-1
175
578
73
701
147
546
680
719
-1
599
289
798
478
723
525
105
689
114
327
483
571
454
318
132
552
353
818
52
742
742
742
742
-1
132
-1
731
205
879
878
878
11
-1
-1
-1
500
228
58
238
211
-1
343
900
900
135
849
644
-1
563
44
99
197
575
15
29
400
400
400
156
560
577
147
25
538
107
36
439
439
439
47
25
21
453
272
259
665
293
781
-1
607
-1
551
574
535
535
535
535
535
535
535
774
774
673
661
661
431
866
242
91
283
283
803
847
847
67
-1
467
716
865
167
23
339
366
366
366
366
366
476
789
-1
401
164
667
667
309
771
817
860
427
434
716
360
248
408
487
668
499
770
553
428
428
428
428
428
428
428
428
282
-1
156
258
767
323
281
188
867
758
59
753
419
401
401
401
401
401
401
401
401
401
401
401
401
401
401
401
680
680
728
433
579
671
860
95
647
647
647
481
481
521
137
50
272
272
272
272
272
815
-1
85
-1
362
727
-1
-1
754
420
162
24
24
24
24
24
24
24
24
370
2
261
261
205
600
663
663
663
663
663
663
663
663
663
663
663
663
663
663
663
663
-1
410
178
418
341
298
821
71
39
424
424
424
424
424
386
89
-1
461
169
169
42
47
532
29
29
884
413
784
387
575
66
-1
756
508
44
438
253
253
253
253
190
848
848
848
848
848
848
-1
738
450
167
641
521
207
325
167
296
460
-1
466
502
676
676
676
676
258
709
820
671
753
289
-1
82
306
344
578
578
578
529
782
103
719
719
-1
712
507
423
879
440
204
168
26
371
465
-1
260
260
260
260
191
248
196
449
39
99
380
52
566
886
135
133
491
491
-1
662
355
88
88
88
463
506
800
263
189
189
21
-1
571
368
907
203
93
475
463
284
284
723
660
907
23
19
373
254
585
519
567
718
92
552
-1
626
-1
186
392
700
-1
582
899
578
235
48
580
438
442
315
162
-1
121
822
-1
322
841
530
576
686
132
225
665
224
777
387
110
677
751
-1
-1
460
167
796
311
311
311
311
311
580
228
-1
279
279
848
288
441
-1
587
523
814
-1
624
605
567
392
662
52
317
221
221
221
221
221
89
883
510
766
716
716
716
716
95
663
437
440
542
748
102
30
721
559
138
269
82
55
117
783
130
108
489
735
854
854
142
661
166
166
75
213
256
424
723
104
401
-1
28
-1
518
748
-1
799
38
38
38
38
38
38
38
38
38
38
38
-1
-1
440
176
178
701
232
295
566
540
540
540
540
540
540
540
582
138
535
696
280
280
48
862
917
740
740
740
740
740
740
740
740
740
740
740
740
740
740
740
740
740
740
740
740
740
740
740
740
740
740
740
740
740
740
740
740
740
740
740
740
740
740
740
740
740
740
740
740
740
740
740
740
740
740
740
740
740
740
740
740
740
740
740
740
740
740
740
740
740
740
740
740
740
740
740
740
740
740
740
740
740
740
740
740
740
740
740
740
740
740
740
740
740
740
740
740
740
740
740
740
740
740
740
740
740
740
740
740
740
740
740
740
740
740
740
740
740
740
740
740
740
740
740
740
740
740
740
740
740
740
740
740
740
740
740
740
740
740
740
740
740
740
740
740
740
740
740
740
740
740
740
740
740
740
740
740
740
740
740
740
740
740
740
740
740
740
740
740
740
740
740
740
740
740
740
740
740
200
424
424
424
546
483
85
-1
689
183
225
225
225
225
225
225
225
225
225
225
225
225
225
519
111
106
557
20
724
-1
376
507
403
672
156
25
514
294
560
470
574
169
414
573
170
170
793
257
-1
-1
-1
-1
-1
-1
-1
-1
-1
-1
536
520
600
307
307
307
307
307
307
703
85
826
-1
-1
-1
369
-1
818
176
-1
293
683
300
225
-1
325
325
325
325
325
325
325
325
325
325
325
325
325
325
-1
393
146
469
227
493
143
61
841
18
318
817
554
99
678
121
-1
-1
207
877
393
850
52
569
569
747
524
512
307
749
612
810
8
87
38
655
655
315
710
799
376
-1
77
872
872
872
872
872
872
872
711
810
231
231
231
231
231
-1
13
116
494
221
253
-1
331
306
716
338
-1
311
645
840
183
538
109
448
448
754
764
-1
724
645
645
645
399
440
440
440
440
440
440
723
532
27
793
23
-1
806
317
458
287
287
287
570
428
-1
-1
226
217
50
715
-1
-1
-1
661
81
429
496
106
73
73
304
751
112
4
734
822
822
822
415
-1
-1
845
379
676
245
-1
45
75
525
-1
-1
34
12
142
142
262
727
265
413
886
8
672
575
683
778
287
247
-1
399
429
-1
-1
481
844
476
587
483
412
92
581
-1
167
188
560
380
200
-1
-1
-1
-1
188
227
137
156
413
-1
731
731
356
356
670
100
-1
542
542
678
115
115
115
409
419
220
-1
88
703
557
180
180
180
180
544
274
348
733
94
-1
-1
193
56
56
56
-1
381
461
461
768
715
134
838
528
491
578
807
177
393
664
470
-1
246
690
29
513
654
586
586
-1
280
-1
301
273
37
467
645
645
645
645
271
180
108
733
208
-1
-1
867
128
-1
-1
-1
679
795
371
506
526
433
13
298
462
462
462
462
462
462
462
462
526
212
212
212
308
479
671
251
41
41
204
466
508
-1
-1
866
866
866
866
866
866
866
866
866
866
866
866
866
866
866
866
866
866
866
866
866
866
40
-1
156
124
118
284
736
736
263
676
792
-1
264
400
328
74
-1
790
241
171
181
721
102
610
22
22
22
22
306
336
708
416
333
657
-1
502
-1
-1
-1
358
754
438
621
690
312
515
37
712
843
670
671
671
894
-1
102
335
-1
-1
382
27
915
-1
541
-1
364
364
364
364
364
364
364
364
134
622
622
80
-1
696
98
338
338
338
338
338
338
338
338
338
338
338
338
338
338
338
338
338
338
338
338
338
338
338
338
338
338
338
338
136
113
777
-1
-1
48
532
100
144
-1
771
75
612
25
355
355
29
0
662
234
915
685
685
35
35
-1
310
169
-1
568
806
541
845
226
677
218
263
694
281
613
308
382
17
204
413
92
-1
-1
447
105
616
444
517
791
211
552
13
699
722
776
776
776
350
788
577
277
96
336
495
360
290
776
27
27
27
599
418
29
63
91
342
342
880
707
49
245
405
493
23
456
882
575
470
664
557
328
274
427
906
551
702
502
306
322
793
164
164
555
652
652
652
652
-1
-1
715
715
112
407
-1
820
456
183
485
209
384
384
24
173
41
494
97
777
82
371
464
70
182
248
751
751
488
570
626
831
207
538
-1
272
272
513
513
46
679
451
-1
217
-1
612
604
604
604
604
604
604
604
278
-1
38
496
390
135
534
-1
-1
685
81
721
127
507
554
-1
160
440
707
545
60
641
78
573
865
865
757
757
757
757
757
757
757
284
-1
235
178
686
-1
-1
404
877
392
794
794
273
8
348
218
89
151
345
597
-1
43
17
405
10
740
-1
-1
-1
477
777
-1
-1
851
153
200
-1
252
94
105
212
-1
159
663
495
495
685
-1
762
837
308
-1
62
530
-1
468
540
637
193
-1
537
670
489
-1
692
422
786
152
123
121
246
406
511
733
565
434
488
332
57
332
429
-1
34
492
495
-1
220
296
567
413
186
365
344
675
80
296
296
357
127
448
-1
426
872
146
197
687
711
-1
257
303
110
768
-1
253
62
62
62
62
62
62
62
62
62
62
-1
9
-1
705
483
738
378
669
185
-1
-1
-1
-1
426
443
456
783
783
748
-1
523
256
-1
-1
453
-1
-1
344
324
203
203
-1
352
196
886
414
859
-1
406
-1
460
226
285
211
589
589
589
445
815
293
-1
858
858
858
858
858
858
858
858
858
858
858
858
858
858
858
858
858
858
858
858
858
858
858
858
858
858
858
858
858
858
858
858
858
858
858
858
858
858
858
858
858
858
858
858
858
858
858
858
858
858
858
858
858
123
148
463
558
267
392
271
156
114
-1
658
317
508
92
692
-1
-1
-1
-1
631
172
540
540
351
577
85
740
740
248
708
-1
719
692
692
577
103
101
300
839
368
692
192
702
66
66
442
384
577
712
336
313
300
51
27
651
769
556
310
310
114
379
736
-1
276
538
775
114
-1
876
414
562
505
505
505
505
505
505
505
505
505
505
505
505
505
505
505
505
505
505
505
505
505
505
505
505
505
505
505
505
505
505
505
505
505
505
505
505
505
505
505
505
505
505
505
505
505
505
505
505
505
505
505
505
505
505
505
505
505
505
505
367
14
289
433
83
-1
77
838
882
413
411
443
-1
438
176
494
255
486
609
634
304
692
170
170
-1
549
549
284
743
686
-1
565
273
326
580
740
19
-1
-1
97
97
97
97
97
97
97
97
97
97
97
97
97
97
97
97
97
97
97
97
97
97
97
97
97
97
97
97
97
97
97
97
97
97
97
97
97
97
97
97
97
97
97
97
97
97
97
97
21
875
688
432
432
400
413
131
576
-1
386
144
777
280
-1
551
450
551
551
551
360
735
554
128
872
202
579
458
42
402
-1
-1
572
752
164
529
523
577
577
577
189
18
727
-1
186
373
169
169
169
169
169
169
169
169
169
169
169
223
653
796
34
34
34
34
34
34
34
186
607
395
181
421
523
313
623
185
185
771
843
-1
508
66
419
343
343
343
343
343
343
232
31
126
89
398
322
-1
246
687
450
593
-1
185
649
27
27
27
27
27
27
27
27
27
27
27
27
27
27
27
27
27
27
27
27
27
549
516
422
-1
20
205
-1
821
568
334
747
415
415
415
415
415
415
415
415
415
415
415
415
415
103
75
95
446
308
304
750
57
702
154
-1
30
101
5
5
802
94
94
94
94
94
94
94
94
94
94
94
94
94
94
94
94
94
94
94
94
94
94
94
94
94
94
94
94
94
94
94
94
94
94
94
94
94
94
94
94
94
94
94
94
94
94
94
94
94
94
94
94
94
94
94
94
94
94
94
94
94
94
369
711
711
299
299
178
178
178
310
-1
347
347
508
186
828
411
15
245
418
67
526
494
525
54
62
829
64
75
614
396
192
822
498
376
-1
592
664
678
151
183
248
132
530
-1
-1
-1
-1
-1
-1
-1
-1
-1
-1
496
496
496
496
496
496
496
441
427
427
427
427
427
427
427
427
427
427
427
427
427
427
427
427
427
427
427
427
427
427
427
427
427
427
427
427
427
427
427
427
427
427
427
511
511
-1
106
202
-1
778
-1
644
840
77
28
559
559
559
559
652
424
11
773
4
387
0
774
392
678
7
576
8
317
188
24
814
-1
451
585
13
557
557
557
557
787
663
595
595
595
595
595
775
627
517
112
655
336
63
162
348
-1
166
-1
96
23
388
774
208
46
42
42
42
526
412
244
600
480
696
267
493
493
493
513
315
239
191
350
126
-1
462
782
483
525
26
91
621
621
621
621
621
621
621
621
621
621
621
370
86
86
718
393
-1
752
780
698
55
388
193
299
70
673
255
515
426
29
90
-1
398
440
52
544
-1
818
109
687
120
378
391
490
465
369
369
369
-1
199
199
203
203
746
-1
436
394
351
736
-1
106
251
417
710
280
508
-1
678
30
-1
305
305
305
193
782
592
140
-1
52
531
474
696
160
-1
-1
542
624
624
875
60
278
486
56
2
592
308
598
563
588
188
75
527
218
218
218
218
218
218
218
218
218
218
218
218
218
218
218
218
218
218
218
218
218
218
218
218
218
218
218
218
218
218
218
218
218
218
218
218
218
218
218
218
218
218
407
92
589
449
684
730
730
433
662
521
167
693
682
46
671
671
671
671
671
671
671
671
671
671
671
671
671
306
-1
806
366
387
375
423
567
227
-1
247
790
579
435
331
366
832
-1
458
503
447
225
315
140
222
97
308
916
779
532
532
532
532
532
532
532
532
532
532
532
532
532
532
532
532
532
532
532
532
532
532
532
532
532
532
532
532
532
532
532
532
532
-1
167
-1
735
711
109
109
192
394
677
598
385
6
648
225
442
62
62
62
591
591
591
591
591
591
591
591
534
534
534
534
534
60
132
119
686
686
686
686
686
686
535
613
826
17
710
394
193
571
8
122
-1
649
649
649
649
649
649
649
649
649
649
649
649
649
649
649
649
649
649
649
649
649
649
649
649
649
649
649
649
649
649
649
649
649
649
649
649
649
649
649
649
649
649
649
649
649
649
649
649
649
649
649
649
649
649
649
649
649
649
649
649
649
649
649
649
649
649
649
649
649
649
649
649
649
649
649
649
649
649
649
649
649
649
649
649
649
649
649
649
649
649
649
649
649
649
649
649
649
649
649
649
649
649
649
118
-1
18
-1
364
695
168
749
-1
817
234
404
139
-1
-1
-1
-1
-1
-1
-1
-1
20
377
218
317
145
13
12
54
54
208
900
448
402
402
731
-1
702
729
729
729
729
729
729
544
820
877
562
391
323
340
559
332
-1
-1
567
144
775
653
342
235
235
131
659
558
322
850
612
530
832
321
14
824
38
717
-1
582
797
797
772
226
270
177
744
90
510
306
306
726
337
450
-1
29
792
257
381
712
712
-1
-1
644
510
493
736
-1
686
686
686
686
686
686
686
686
686
686
686
686
686
686
686
686
686
686
642
-1
663
538
711
542
392
19
-1
748
24
163
518
330
-1
-1
41
-1
187
93
29
746
-1
148
709
531
531
-1
462
528
9
230
252
878
-1
50
50
-1
696
443
-1
591
273
152
14
14
791
661
163
-1
702
702
157
353
795
407
359
683
733
328
474
651
790
790
790
790
790
790
790
790
84
660
103
515
798
256
565
565
565
565
565
565
729
34
90
-1
803
541
92
92
92
817
592
13
241
-1
715
398
371
771
805
730
714
799
140
270
532
191
533
275
472
130
130
130
155
728
728
-1
145
23
224
85
86
-1
355
164
-1
369
405
458
344
803
90
197
868
-1
171
749
221
620
364
412
235
-1
-1
543
232
872
498
555
155
722
-1
242
748
256
406
406
448
803
-1
166
407
874
434
783
783
783
783
783
-1
337
36
-1
736
656
458
408
151
357
374
-1
767
506
453
405
405
662
435
305
-1
265
663
570
-1
802
802
802
802
463
318
292
419
752
157
503
48
193
597
167
110
137
575
439
672
209
209
209
209
209
209
394
700
716
-1
187
-1
364
670
-1
808
492
454
41
376
-1
359
668
577
372
85
359
721
721
457
39
149
567
354
-1
88
287
194
-1
69
170
589
589
589
256
66
25
8
-1
282
678
406
323
137
405
861
65
65
65
261
315
151
798
296
786
97
445
435
73
67
67
701
663
-1
444
-1
54
293
324
324
324
324
324
324
122
507
332
332
74
49
271
658
373
408
145
494
651
584
809
62
464
365
848
562
-1
543
543
543
543
543
543
543
543
543
543
543
543
543
543
274
501
-1
273
385
31
163
617
324
-1
-1
92
79
73
141
350
731
692
692
18
136
268
-1
-1
337
170
-1
703
101
444
774
-1
718
718
357
357
357
357
357
357
357
357
357
357
357
357
357
357
357
357
357
357
357
357
357
357
357
409
73
2
440
414
-1
25
161
618
295
419
-1
-1
29
29
29
29
-1
-1
-1
-1
389
226
256
-1
156
414
433
326
118
396
605
605
605
605
605
605
605
563
67
67
67
510
541
541
541
787
1
793
49
620
289
668
645
-1
546
22
130
675
814
159
617
285
563
133
381
719
418
418
74
306
-1
648
171
-1
160
651
290
29
861
165
78
563
563
563
563
563
563
563
563
563
563
563
563
563
563
563
563
563
563
563
563
563
563
563
563
563
563
563
563
563
-1
6
468
343
730
668
651
-1
-1
564
71
71
364
110
634
634
496
491
491
491
436
436
304
743
2
229
473
173
-1
-1
-1
115
268
268
268
268
268
268
268
-1
58
433
178
621
147
362
171
-1
174
-1
402
402
661
-1
473
473
285
773
190
42
524
-1
-1
346
48
806
753
82
82
239
731
715
354
259
-1
412
692
75
293
100
437
-1
769
789
741
431
710
309
905
77
342
355
355
297
-1
241
-1
298
307
657
381
546
546
648
356
161
161
-1
254
573
573
682
507
127
42
42
27
769
-1
76
593
325
787
162
490
124
504
845
422
453
346
325
325
12
653
64
393
75
713
9
620
703
263
454
645
771
581
581
581
688
58
432
759
134
285
344
181
447
94
306
212
21
728
665
367
135
135
135
135
677
280
200
330
740
173
340
442
136
781
781
781
781
-1
781
-1
662
729
-1
67
571
265
715
175
446
423
270
752
635
469
562
382
382
97
876
320
377
336
828
199
509
29
-1
645
292
58
686
186
796
498
139
139
308
329
404
283
682
110
706
34
123
423
682
863
66
66
66
66
779
-1
564
238
239
474
616
616
8
-1
518
653
277
754
754
600
463
-1
358
780
780
200
-1
444
662
-1
-1
555
450
842
678
134
606
801
378
467
467
467
705
202
705
26
-1
581
213
839
181
126
376
18
726
100
-1
166
880
289
113
585
33
3
222
661
845
160
55
711
43
-1
260
260
8
-1
225
213
213
10
-1
426
109
248
552
486
444
507
-1
533
705
726
822
79
393
115
260
793
36
187
213
270
158
435
435
435
141
418
621
23
821
818
225
-1
520
334
219
219
219
219
155
80
80
-1
694
844
456
659
-1
538
-1
484
653
258
538
868
-1
751
398
781
446
507
75
328
754
363
244
61
333
765
396
396
730
180
654
654
134
581
192
52
494
731
52
60
60
644
488
598
772
194
610
252
235
316
792
695
695
695
644
-1
318
149
-1
-1
174
524
524
-1
354
260
556
666
101
101
101
748
719
595
663
31
656
644
644
520
514
498
714
714
206
206
206
206
206
206
206
206
11
209
209
209
209
209
209
701
63
-1
427
-1
304
576
79
216
750
603
118
364
364
124
674
112
225
682
92
-1
-1
-1
-1
-1
-1
-1
-1
-1
-1
-1
-1
-1
-1
-1
-1
-1
-1
-1
-1
-1
123
662
408
-1
511
166
166
617
896
177
-1
-1
-1
679
240
73
366
370
556
25
449
32
35
313
150
578
437
437
437
437
437
437
437
437
437
437
437
437
84
690
662
766
42
42
743
743
743
530
166
740
20
69
512
187
865
490
542
774
429
43
107
107
107
795
413
413
413
413
663
80
-1
647
294
257
105
872
-1
189
-1
795
216
-1
-1
746
113
621
27
360
360
23
392
307
-1
-1
-1
-1
-1
-1
-1
-1
-1
-1
-1
-1
-1
-1
-1
-1
-1
-1
-1
-1
-1
-1
194
341
394
237
449
271
271
271
271
650
372
530
773
150
824
290
433
778
423
801
682
300
99
-1
180
180
180
180
105
2
2
61
310
363
276
702
702
702
-1
241
241
241
241
157
272
-1
394
721
167
305
175
697
338
503
603
806
19
-1
311
311
311
311
311
820
405
-1
179
117
52
284
297
113
773
660
568
735
591
69
69
69
-1
123
-1
369
-1
310
852
279
267
272
43
130
160
240
771
-1
320
258
343
499
553
395
43
-1
509
-1
771
159
812
-1
228
786
664
371
237
237
237
237
671
651
171
211
30
-1
432
160
782
672
13
514
74
450
-1
751
85
513
54
196
104
131
50
441
441
25
672
672
-1
811
500
301
309
309
309
309
309
309
431
64
658
820
273
273
362
334
334
433
404
88
-1
0
340
340
157
157
157
-1
-1
-1
351
420
73
584
-1
734
715
667
435
435
0
599
365
71
181
-1
380
791
168
299
299
299
693
441
661
110
135
135
325
376
20
325
895
177
177
442
506
775
155
172
474
889
147
401
585
325
261
210
57
442
136
37
493
482
336
269
184
257
557
496
582
193
517
167
167
170
872
610
-1
729
-1
287
464
-1
-1
-1
-1
435
125
125
759
20
386
51
417
89
365
74
582
108
51
111
292
309
309
668
789
151
-1
388
319
292
342
189
229
331
331
331
331
331
331
331
331
331
331
331
331
36
517
795
210
212
181
52
232
567
281
650
818
825
365
499
15
15
416
788
307
-1
507
356
137
483
744
-1
775
346
-1
87
677
119
782
733
507
76
914
662
308
741
101
218
-1
186
583
595
595
201
260
465
508
245
86
124
560
747
747
868
276
-1
-1
-1
-1
359
870
411
478
-1
226
246
70
400
65
556
402
344
775
320
320
320
320
320
320
320
320
320
320
320
320
320
530
-1
175
-1
878
878
-1
-1
-1
-1
-1
-1
-1
-1
-1
677
384
727
801
26
556
11
-1
-1
-1
-1
-1
-1
-1
-1
-1
-1
-1
-1
-1
-1
-1
-1
-1
421
-1
840
551
-1
-1
579
545
383
85
85
793
44
150
432
-1
673
467
204
463
167
379
74
306
101
25
690
88
98
894
-1
-1
109
457
-1
773
558
138
752
752
57
-1
395
482
662
439
-1
-1
251
323
565
718
527
111
145
-1
-1
-1
-1
-1
-1
-1
-1
744
629
268
40
579
356
316
556
439
426
273
26
75
91
342
-1
-1
285
-1
52
104
566
-1
-1
355
-1
510
333
499
499
799
657
487
-1
368
755
666
666
208
372
372
242
764
764
764
764
764
764
764
764
764
764
764
764
764
764
764
764
764
764
764
764
764
764
764
764
811
-1
-1
-1
297
97
387
389
389
389
389
389
389
389
389
389
389
389
389
439
858
137
725
-1
190
829
-1
135
445
604
-1
38
185
705
873
-1
412
324
866
338
532
320
581
556
392
509
113
489
-1
680
680
11
837
818
-1
-1
904
268
825
619
403
530
530
306
308
747
-1
273
702
780
686
286
729
284
818
309
-1
-1
-1
-1
8
-1
-1
688
640
711
711
766
-1
-1
116
-1
577
519
512
143
88
519
73
361
303
853
307
578
842
592
668
412
717
563
551
434
571
262
308
519
162
280
368
368
58
238
238
238
484
40
-1
264
730
219
530
331
292
151
-1
405
75
-1
508
311
235
2
110
58
553
723
-1
76
113
408
238
393
776
297
-1
521
337
707
785
149
8
575
658
-1
726
374
-1
445
119
473
-1
532
653
127
578
467
-1
479
543
543
543
543
223
-1
41
41
41
41
41
617
617
617
617
746
338
508
527
527
-1
475
572
262
661
229
2
221
37
555
365
483
674
98
499
288
12
-1
878
-1
558
558
558
558
558
558
558
558
558
558
558
439
282
42
586
323
659
592
840
427
201
775
163
773
120
-1
262
262
300
306
478
-1
849
221
611
207
720
159
219
607
119
-1
-1
66
736
240
240
240
240
467
583
742
386
257
257
257
257
257
664
-1
75
699
699
699
699
699
59
59
59
59
492
492
492
492
79
143
15
380
449
493
495
558
558
714
367
766
694
526
67
67
383
-1
204
809
-1
622
358
-1
446
664
743
370
818
462
152
152
152
138
25
231
75
229
229
-1
169
900
189
727
-1
-1
-1
-1
-1
-1
-1
734
575
651
342
-1
294
248
107
363
329
-1
-1
-1
-1
-1
722
-1
436
727
-1
66
806
361
218
204
754
450
663
65
321
-1
226
226
226
226
226
688
642
182
182
182
-1
-1
93
107
380
388
533
665
665
665
665
665
751
862
-1
733
733
759
529
720
-1
595
608
458
-1
-1
294
524
524
736
736
537
105
650
763
794
552
28
558
558
112
121
665
670
670
687
281
596
521
225
511
514
244
122
317
341
717
7
799
791
80
175
57
-1
712
651
726
736
557
557
557
361
24
197
-1
323
123
225
93
404
821
792
-1
592
388
312
714
-1
653
692
151
712
565
231
231
887
223
307
-1
-1
-1
115
115
115
115
115
115
115
-1
721
476
879
879
178
209
285
479
435
378
378
378
378
378
378
378
-1
516
516
67
33
369
78
523
165
44
436
117
19
230
861
604
377
166
-1
318
330
286
256
256
256
256
256
256
256
256
256
256
311
-1
395
667
54
54
680
680
229
667
318
372
444
748
405
813
87
188
238
131
-1
356
326
114
299
12
491
-1
183
-1
27
469
326
722
722
492
492
721
-1
-1
725
662
700
652
240
240
155
178
249
738
251
336
9
668
467
-1
106
52
52
8
583
243
677
-1
-1
426
569
897
155
155
155
155
155
155
155
155
155
155
155
155
701
648
137
254
74
59
23
367
299
370
724
548
368
368
368
368
368
57
144
555
725
789
449
91
-1
-1
852
167
394
420
771
224
399
9
557
360
-1
872
615
550
13
-1
-1
-1
-1
-1
-1
-1
491
460
460
723
299
828
41
444
444
444
466
26
315
175
296
240
240
240
240
240
240
70
230
585
642
-1
-1
866
488
626
684
-1
721
-1
-1
-1
-1
-1
724
353
652
-1
530
225
356
336
336
336
336
336
524
444
555
228
170
581
544
523
137
44
771
368
-1
496
457
506
-1
-1
27
25
388
-1
17
109
860
548
21
-1
161
424
372
675
208
77
312
437
247
153
241
241
241
241
241
241
241
241
241
241
241
241
241
241
241
241
241
241
241
241
241
241
241
241
241
241
241
241
241
241
241
241
241
241
31
291
285
802
837
174
558
376
-1
263
403
155
-1
540
351
198
-1
159
219
321
320
821
693
255
112
770
664
727
278
899
899
899
228
487
450
652
549
369
865
190
664
66
-1
408
222
542
30
751
751
751
751
741
741
513
170
220
-1
-1
669
124
787
6
414
-1
752
401
356
-1
-1
-1
103
443
443
443
443
443
402
652
652
-1
527
102
817
594
733
307
76
358
338
87
181
111
257
401
401
205
8
703
74
193
199
152
27
778
686
20
20
20
489
789
641
-1
524
535
501
-1
-1
355
442
442
1
431
431
60
339
518
419
450
775
80
-1
44
784
908
237
243
320
264
104
89
462
462
462
462
593
-1
185
664
662
-1
-1
-1
-1
-1
-1
-1
371
371
592
861
861
73
771
374
311
371
152
730
81
187
810
915
231
231
-1
-1
468
180
485
-1
462
574
-1
137
535
77
142
457
57
648
-1
-1
591
161
651
651
225
472
134
377
284
393
393
393
393
393
393
393
565
355
390
390
796
291
291
291
291
555
555
555
555
555
555
555
555
555
555
555
555
555
555
555
555
555
555
555
555
555
555
555
555
555
555
555
555
555
555
555
555
555
555
555
555
555
555
555
555
555
555
555
555
555
555
525
471
471
471
123
647
15
648
410
331
492
487
473
32
723
382
382
382
120
632
55
460
573
75
14
-1
-1
-1
361
661
-1
751
718
205
389
325
855
512
102
130
469
690
639
222
260
373
432
65
755
552
875
70
70
94
709
529
287
676
626
764
297
369
-1
131
169
321
698
672
258
470
35
567
21
725
288
421
245
-1
-1
488
676
-1
446
747
760
415
536
536
129
173
244
153
649
792
91
91
40
221
413
738
154
849
290
189
498
489
174
47
171
420
-1
106
-1
645
594
-1
652
615
111
270
744
463
463
693
158
194
567
249
234
788
788
662
232
24
594
700
391
391
391
352
449
566
399
620
246
546
727
414
273
581
289
185
185
278
400
-1
283
123
408
441
441
317
57
-1
729
106
791
43
43
43
43
43
43
43
43
43
43
43
43
43
43
43
43
43
43
43
43
43
43
43
43
43
43
43
43
43
43
43
43
43
43
43
43
43
43
43
43
43
43
43
43
43
43
43
43
43
43
43
43
43
43
43
43
43
43
43
43
43
43
43
43
43
43
43
43
43
43
43
43
43
43
43
43
43
43
43
43
43
43
43
43
43
43
43
43
43
43
43
43
43
43
43
43
43
43
43
43
43
43
43
43
43
43
43
43
43
43
43
43
43
43
43
43
43
43
43
43
43
43
43
43
43
43
43
43
43
43
43
43
43
43
43
43
43
43
43
43
43
43
43
43
43
43
43
43
43
43
43
43
43
43
43
43
43
43
43
43
43
43
43
43
43
43
43
43
43
43
43
43
43
43
43
43
43
43
43
43
43
43
43
43
43
43
43
43
43
43
43
43
43
43
43
43
43
43
43
43
43
43
43
43
43
43
43
43
43
43
43
43
43
43
43
43
43
43
43
43
43
43
43
43
43
43
43
43
43
43
43
43
43
43
43
43
43
43
43
43
43
43
43
43
43
43
43
43
43
43
43
43
43
43
43
43
43
43
43
43
43
43
43
43
43
43
43
43
43
43
43
43
43
43
43
43
43
43
43
43
43
43
43
43
43
43
43
43
43
43
43
43
43
43
43
43
43
43
43
43
43
43
43
43
43
43
43
43
43
43
43
43
43
43
43
43
43
43
43
43
43
43
43
43
43
43
43
43
43
43
43
43
43
43
43
43
43
43
43
43
43
43
43
43
43
43
43
43
43
43
43
43
43
43
43
43
43
43
43
43
43
43
43
43
43
43
43
43
43
43
43
43
43
43
43
43
43
43
43
43
43
43
43
43
43
43
43
43
43
43
43
43
43
43
43
43
43
43
43
43
43
43
43
43
43
43
43
43
43
43
43
43
43
43
43
43
43
43
43
43
43
43
43
43
43
43
43
43
43
43
43
43
43
43
43
43
308
645
743
700
79
275
526
657
895
32
285
644
644
644
446
736
546
735
3
-1
396
814
367
519
305
66
97
540
19
-1
-1
-1
-1
870
23
537
-1
-1
-1
175
794
408
701
711
386
-1
78
350
439
439
74
-1
435
255
63
63
831
152
608
-1
457
677
707
257
-1
794
164
766
6
379
563
-1
-1
661
-1
370
515
515
411
16
16
686
667
544
207
742
742
523
820
257
-1
907
409
454
782
126
391
571
384
347
-1
-1
726
373
-1
187
196
771
1
814
814
401
694
-1
417
462
412
43
43
43
43
-1
414
744
10
672
768
768
3
341
305
45
468
696
-1
112
304
502
-1
677
216
216
285
874
247
247
247
247
464
30
648
418
693
325
140
187
546
247
247
602
373
257
356
401
439
875
706
-1
66
663
361
715
49
-1
-1
-1
340
180
-1
-1
822
150
495
322
843
80
462
113
626
710
-1
259
259
49
49
49
509
661
666
466
-1
27
152
550
772
867
599
599
718
23
764
764
318
203
-1
165
286
117
-1
-1
220
0
153
511
805
123
-1
324
350
255
67
99
722
873
510
874
505
364
83
365
343
106
211
-1
-1
355
87
774
-1
-1
7
7
7
464
693
186
795
464
73
178
33
575
575
575
575
575
575
529
529
529
288
288
821
806
806
806
270
776
398
226
541
22
488
488
166
543
594
555
465
164
-1
730
198
465
-1
-1
-1
663
418
183
718
-1
434
-1
176
92
686
-1
-1
-1
574
-1
31
232
399
572
432
147
663
58
742
376
701
166
369
513
365
95
688
288
652
132
266
818
566
566
566
423
92
-1
191
-1
91
765
-1
300
79
567
133
690
715
715
132
8
717
686
709
143
138
482
686
411
252
234
234
234
234
234
234
234
234
234
234
234
234
234
234
234
234
234
234
234
234
234
234
234
234
234
234
234
234
234
234
234
234
234
234
234
234
234
234
234
234
234
234
234
234
234
234
234
234
234
234
234
234
234
234
234
234
234
234
234
234
234
234
234
234
234
234
234
234
234
234
234
234
362
384
501
279
279
279
279
279
279
211
6
371
307
198
198
198
544
577
223
223
712
-1
-1
-1
-1
-1
-1
362
270
253
337
337
337
337
337
402
261
136
171
52
457
487
487
712
226
-1
224
460
342
-1
43
43
43
43
43
43
43
43
43
43
43
-1
80
228
253
565
604
604
604
57
224
827
770
362
390
390
392
-1
-1
-1
729
729
117
164
164
125
125
466
394
582
35
188
-1
15
591
529
535
460
750
417
540
60
848
365
664
-1
578
752
17
212
402
409
104
306
220
399
470
470
470
470
470
523
-1
125
366
-1
491
256
175
164
45
-1
-1
796
388
424
-1
496
790
781
661
-1
-1
679
-1
99
170
38
405
569
-1
136
174
563
261
540
540
540
540
546
546
12
57
721
177
102
692
801
158
340
-1
97
96
358
138
-1
80
753
697
192
112
112
112
112
112
-1
408
696
696
106
92
131
670
531
849
-1
543
543
543
166
279
720
269
232
782
427
750
350
702
847
-1
840
-1
226
-1
644
644
644
644
644
644
418
226
771
-1
4
728
193
96
859
123
805
790
599
67
67
67
67
67
67
67
67
67
67
39
138
411
486
548
453
173
381
63
136
488
488
488
31
236
-1
-1
257
172
517
-1
398
548
21
580
358
25
-1
299
337
741
350
196
431
567
335
842
842
842
313
883
377
664
524
524
-1
800
94
649
119
119
119
119
707
166
469
-1
101
127
115
301
301
301
707
707
707
707
473
515
-1
33
113
644
561
309
157
210
-1
260
701
788
815
447
394
516
330
667
66
-1
-1
-1
-1
-1
-1
-1
-1
-1
770
356
201
131
483
316
432
450
450
450
789
208
353
822
321
321
79
465
808
414
-1
713
674
636
583
572
344
237
348
674
-1
773
561
621
625
-1
82
757
660
398
271
192
269
657
545
352
352
352
352
60
-1
77
129
298
191
842
55
87
685
-1
431
182
57
365
169
169
90
8
8
50
716
185
132
733
-1
708
264
264
297
237
4
842
589
242
726
845
371
107
118
295
340
383
240
49
815
423
284
262
770
552
449
80
528
528
528
634
390
343
740
740
740
740
740
740
740
740
740
740
740
740
740
740
740
740
740
740
740
740
740
740
740
740
740
740
740
740
740
740
740
740
740
740
740
740
740
740
740
740
740
740
740
740
740
740
740
740
740
740
740
740
740
740
740
740
740
740
740
740
740
740
740
740
740
740
740
740
740
740
740
740
740
740
740
740
740
740
740
740
740
740
740
740
740
740
740
740
180
786
297
595
50
222
267
292
208
372
664
493
668
219
219
833
133
133
133
133
133
133
133
638
142
30
321
321
321
321
321
321
321
321
321
321
321
321
321
321
-1
293
173
239
2
431
767
767
767
814
-1
371
814
261
239
194
856
289
594
594
383
759
802
15
15
505
378
683
-1
293
-1
801
-1
107
204
300
578
377
507
580
66
389
477
149
20
373
588
588
588
259
567
644
726
243
170
567
306
185
333
-1
129
496
415
206
379
111
313
583
412
-1
220
33
33
661
288
600
469
615
620
-1
285
139
670
71
-1
174
419
419
693
693
693
693
693
693
693
693
693
693
693
693
693
693
693
693
693
693
693
693
693
693
693
693
693
658
605
286
602
602
912
782
99
200
421
211
513
264
264
-1
665
484
818
480
32
517
209
209
647
219
134
192
359
359
359
359
359
359
359
359
359
359
359
359
359
359
359
359
359
359
359
359
359
359
65
263
263
263
263
263
263
263
263
-1
417
683
437
157
548
723
19
542
765
118
2
268
268
268
268
507
515
532
390
441
276
307
181
-1
-1
-1
-1
824
390
393
393
303
703
585
-1
28
109
585
585
585
445
792
104
780
600
88
799
224
-1
177
226
204
-1
1
1
-1
335
620
451
451
-1
801
19
726
73
413
413
290
237
258
258
212
265
367
57
888
419
162
10
101
29
69
-1
363
424
-1
567
369
-1
742
705
611
275
-1
673
472
416
416
207
145
706
622
582
178
147
31
236
117
451
576
576
576
127
730
86
374
316
449
798
305
277
29
-1
279
23
346
661
-1
101
286
320
-1
-1
286
190
274
274
274
-1
337
483
139
-1
16
715
19
7
801
393
323
510
273
-1
787
701
363
326
-1
709
140
-1
-1
427
427
401
378
297
866
746
571
591
165
136
730
57
331
705
76
338
766
647
-1
358
2
727
406
-1
172
661
880
881
873
783
783
33
560
445
445
445
589
-1
393
417
688
66
-1
84
56
817
593
761
153
191
191
609
609
609
609
609
609
609
609
609
609
609
609
609
609
609
609
609
609
800
112
49
63
100
633
27
272
448
-1
414
581
33
447
401
-1
119
340
871
536
288
197
197
557
372
253
456
456
48
96
788
239
705
670
530
14
-1
-1
-1
648
20
-1
356
188
398
19
221
106
106
106
106
106
106
106
106
106
106
106
106
106
106
106
106
106
106
106
106
106
106
106
106
106
106
106
106
106
106
106
106
106
106
106
106
106
106
106
106
106
106
106
106
106
106
106
106
106
106
106
106
106
106
106
106
106
106
106
106
106
106
106
106
106
106
106
106
106
106
106
106
106
106
106
106
106
106
106
106
106
106
106
106
106
106
106
106
106
106
106
106
106
106
106
106
106
106
106
106
106
106
106
106
106
106
106
106
106
106
106
106
106
106
106
106
106
106
106
106
106
106
106
106
106
106
106
106
106
106
106
106
106
106
106
106
106
106
106
106
106
106
106
106
106
106
106
106
106
106
106
106
106
106
106
106
106
106
106
106
106
106
106
106
106
106
106
106
106
106
106
106
106
106
106
106
106
106
106
106
106
106
106
106
106
106
106
