775
-1
315
187
797
241
241
241
-1
660
249
631
158
31
734
223
437
328
708
540
540
540
540
754
388
35
-1
699
141
422
872
620
157
-1
793
221
-1
486
714
329
543
37
25
463
286
105
621
495
-1
104
193
428
-1
907
264
461
461
461
461
28
145
242
170
170
567
374
374
374
374
374
374
374
374
374
374
374
374
374
374
374
374
374
374
374
374
374
374
374
374
374
374
374
374
374
374
374
374
374
374
374
374
374
374
374
374
374
374
374
374
374
374
374
374
374
374
374
374
374
374
374
374
374
374
374
374
374
374
374
374
374
374
374
374
374
374
374
374
374
374
374
374
374
374
374
374
374
374
374
374
374
374
374
374
374
374
374
374
374
374
374
374
374
374
374
374
374
374
374
374
374
374
374
374
50
724
481
-1
27
446
411
411
411
411
2
35
35
25
39
427
677
504
711
558
81
-1
663
73
320
735
446
763
456
456
474
-1
698
-1
735
155
872
541
-1
798
746
342
469
748
556
684
48
65
621
730
776
262
71
-1
185
524
249
180
52
272
637
644
440
595
609
257
10
563
563
58
-1
-1
805
249
173
813
65
117
121
309
-1
851
345
438
5
274
623
707
524
64
-1
56
701
723
496
378
378
414
754
389
238
-1
-1
119
-1
-1
-1
-1
-1
470
33
49
587
155
358
764
266
703
284
271
238
-1
238
-1
232
257
818
15
63
575
571
-1
412
220
-1
-1
-1
694
95
623
623
678
565
656
727
413
811
345
259
338
308
543
-1
546
711
-1
568
25
187
647
218
428
304
304
304
790
166
-1
270
141
639
47
414
344
-1
240
83
-1
653
154
154
154
154
154
154
154
154
317
172
492
-1
-1
362
610
687
687
687
687
687
470
438
-1
-1
345
369
346
650
419
512
804
689
831
526
-1
328
130
-1
568
568
213
-1
481
546
448
653
120
512
628
660
204
575
212
-1
726
308
248
177
177
177
177
177
177
654
158
774
426
44
545
339
748
542
845
879
701
495
352
352
655
236
-1
-1
363
363
-1
101
875
778
21
339
-1
234
242
421
542
668
776
456
-1
632
-1
870
438
481
-1
240
409
840
23
164
274
-1
579
255
255
255
255
255
255
255
302
728
534
437
588
588
588
555
37
462
49
457
143
769
207
207
207
207
2
307
307
307
115
812
449
245
245
245
245
510
191
206
750
750
778
306
34
202
581
-1
781
96
73
592
-1
890
440
440
440
440
445
9
-1
673
466
128
524
851
851
851
851
308
92
48
380
719
471
-1
-1
678
-1
770
244
17
17
27
27
825
825
-1
96
181
442
688
71
592
592
211
517
517
779
373
272
-1
679
56
438
69
148
664
628
128
218
601
120
156
-1
151
400
780
384
-1
30
480
667
650
429
663
325
-1
516
186
451
48
48
48
692
213
104
390
282
431
137
-1
559
355
771
-1
689
-1
90
171
656
652
-1
686
393
585
418
-1
584
3
900
182
368
433
230
320
646
512
710
189
25
25
25
25
-1
359
584
462
213
524
27
89
792
583
5
5
5
527
500
652
2
345
369
84
84
84
84
84
11
373
66
371
1
677
601
321
406
196
113
773
399
221
25
66
683
-1
768
177
694
-1
20
699
699
699
429
698
698
698
650
650
431
126
126
126
126
126
126
126
126
126
126
126
126
126
126
126
126
126
126
126
126
126
126
126
126
126
126
126
126
126
126
126
126
126
126
126
126
126
126
126
126
126
126
126
126
126
126
126
126
126
126
126
126
126
126
126
126
126
126
126
126
126
126
126
126
126
126
126
126
126
126
126
126
126
126
126
126
126
126
126
126
126
126
126
126
126
126
126
126
126
126
126
126
126
126
126
126
126
126
126
126
126
126
126
126
126
126
126
126
126
126
126
126
126
126
126
126
126
126
126
126
126
126
126
126
126
126
126
126
126
126
126
126
126
126
126
126
126
126
126
126
126
126
126
126
126
126
126
126
126
126
126
126
126
126
126
126
126
126
126
126
126
126
126
126
126
126
126
126
126
126
126
126
126
126
126
126
126
126
126
126
126
126
126
126
126
126
126
126
126
126
126
126
126
126
126
126
126
126
126
126
126
126
126
126
126
126
126
126
126
126
126
126
126
126
126
102
693
315
653
-1
687
654
519
548
57
185
744
744
348
40
226
569
254
470
470
513
860
320
868
868
-1
222
-1
-1
774
652
668
684
343
54
46
46
46
46
46
46
46
46
46
46
46
46
119
370
699
138
317
317
317
317
317
317
317
317
317
-1
-1
-1
-1
848
280
-1
457
320
356
108
753
86
799
-1
584
749
29
806
897
63
718
-1
748
322
322
322
322
-1
794
441
510
754
757
-1
-1
-1
35
558
23
165
97
536
521
521
383
549
607
265
504
273
274
711
339
432
775
140
340
-1
-1
-1
-1
462
-1
659
163
73
495
180
160
205
115
373
23
331
538
298
127
319
651
651
676
186
206
440
-1
659
411
59
173
268
377
652
133
133
99
253
52
440
440
440
-1
548
620
665
13
736
298
25
327
327
837
512
454
416
454
390
-1
660
90
322
579
501
559
752
752
30
18
525
525
525
525
525
525
525
525
525
525
525
525
525
525
525
525
341
295
39
394
735
543
203
-1
290
394
-1
767
609
21
686
381
653
362
835
303
47
756
571
370
417
332
189
67
362
208
23
704
651
254
358
499
798
561
561
197
197
197
197
197
197
197
197
197
197
197
197
197
348
38
69
197
647
90
143
110
3
506
206
206
306
731
44
137
361
-1
469
551
151
92
-1
367
56
522
799
414
281
-1
58
656
288
96
725
663
3
75
67
291
291
291
291
291
291
291
291
291
78
751
751
496
562
562
562
562
562
562
564
719
699
8
441
251
559
770
343
578
57
399
360
279
73
-1
218
131
558
684
405
366
-1
-1
-1
-1
-1
-1
-1
-1
-1
586
619
619
675
878
698
508
-1
342
342
154
615
302
340
316
731
899
168
156
559
566
733
180
105
-1
822
501
198
-1
268
268
603
266
876
272
272
886
-1
410
666
579
305
305
268
733
2
748
156
318
561
315
665
717
135
313
710
315
315
418
418
599
599
599
599
599
599
599
599
599
599
599
599
599
599
599
599
599
599
599
599
599
599
599
599
57
57
1
797
119
447
660
386
583
192
192
354
654
780
280
280
280
315
168
726
131
348
557
465
-1
200
780
592
178
175
165
165
888
490
761
747
-1
22
22
22
22
-1
-1
89
648
547
653
313
313
663
89
89
89
50
602
418
543
30
355
674
556
912
399
-1
19
440
335
373
-1
500
521
188
188
188
521
351
335
544
237
424
274
784
159
765
784
426
75
646
646
646
55
-1
-1
411
553
492
583
213
58
778
653
571
411
411
411
528
528
528
528
528
528
528
528
528
528
332
15
894
853
544
312
657
781
781
781
781
736
191
826
156
39
39
39
39
39
39
39
39
-1
760
292
598
816
171
534
534
-1
725
108
152
198
344
191
851
-1
780
-1
330
55
-1
-1
443
599
10
10
183
-1
6
374
374
549
340
591
501
183
144
359
259
315
153
746
300
300
261
158
498
784
527
609
42
42
390
331
550
445
29
75
305
39
436
28
223
71
577
564
662
338
747
66
-1
88
382
110
94
-1
371
67
441
441
415
40
132
457
457
457
457
457
608
-1
89
89
313
313
313
313
313
313
313
313
313
313
313
313
313
313
313
313
313
313
313
313
313
313
313
313
313
313
313
313
313
313
313
313
313
313
670
343
-1
-1
779
646
193
850
-1
17
773
81
764
839
38
112
481
148
384
424
698
74
125
19
114
257
831
-1
159
180
296
296
829
523
-1
59
563
-1
67
495
495
386
447
350
646
293
450
684
684
583
13
-1
49
437
791
301
740
66
416
258
159
576
417
417
417
417
417
417
340
872
506
123
129
565
565
565
686
32
77
442
577
524
52
324
77
77
77
77
77
77
502
269
660
516
362
-1
213
235
271
271
36
-1
-1
-1
294
641
701
-1
241
656
-1
-1
-1
364
45
125
311
77
380
753
851
-1
-1
436
242
568
705
163
166
166
166
166
327
310
557
562
759
771
125
-1
325
325
325
766
668
668
668
296
267
406
34
632
451
159
203
706
717
38
-1
-1
-1
-1
-1
-1
-1
-1
103
335
207
671
300
300
370
97
627
627
858
-1
449
449
700
700
686
575
575
666
272
272
601
416
746
-1
-1
82
780
761
533
199
199
199
46
499
-1
262
399
-1
543
-1
-1
-1
348
297
473
-1
572
572
360
837
487
810
-1
-1
434
645
545
706
328
44
712
457
126
575
300
-1
-1
-1
-1
34
34
34
34
34
524
419
211
46
-1
175
578
73
701
147
546
680
719
-1
599
289
798
478
478
478
723
525
525
525
525
105
105
105
689
114
327
483
571
454
318
132
132
132
552
353
-1
-1
52
742
-1
-1
132
-1
731
205
879
879
878
11
641
641
641
-1
-1
-1
500
228
58
238
211
761
343
900
135
-1
644
-1
563
44
99
197
575
15
29
400
156
560
577
147
25
538
107
36
439
439
47
25
21
21
453
272
272
272
272
259
665
665
665
665
665
665
665
665
665
665
665
665
665
665
665
665
665
665
665
665
665
293
781
825
-1
-1
551
551
574
535
774
673
661
431
866
242
91
283
283
-1
-1
67
-1
467
716
-1
167
23
339
366
-1
789
804
401
164
667
309
771
-1
-1
-1
-1
427
434
716
360
360
360
360
360
360
248
408
-1
668
499
499
770
553
428
282
-1
-1
-1
-1
-1
156
258
258
767
323
281
188
867
758
59
753
419
401
680
728
433
579
671
-1
95
647
-1
-1
521
137
137
137
137
137
137
137
50
272
815
820
85
-1
362
727
-1
621
754
420
162
24
370
2
261
205
600
663
886
410
178
418
341
298
821
71
39
424
386
89
874
461
169
42
47
532
29
-1
413
413
413
413
413
413
784
387
575
66
757
-1
508
44
44
44
44
44
44
44
44
44
44
438
253
190
-1
-1
-1
738
738
450
167
-1
521
207
325
167
296
460
-1
466
502
676
258
709
820
671
753
289
506
82
306
344
578
529
782
103
719
-1
712
507
423
879
440
204
168
26
371
465
-1
260
191
248
196
449
39
99
380
52
566
886
135
133
491
897
662
355
88
463
463
463
506
506
800
263
189
21
-1
571
571
368
-1
203
93
-1
463
463
284
723
660
-1
23
19
19
19
19
19
19
19
373
254
585
519
567
718
92
552
-1
-1
-1
186
392
700
627
582
582
-1
578
235
48
580
438
442
315
162
-1
121
-1
-1
322
841
530
576
686
132
225
665
224
777
777
777
387
110
677
751
-1
-1
460
167
796
311
580
228
-1
279
-1
288
441
-1
587
523
523
-1
-1
-1
-1
567
392
662
52
317
221
89
-1
510
766
716
95
663
663
663
663
663
663
663
437
440
542
748
102
30
721
559
138
269
82
55
117
783
130
108
489
735
-1
142
661
166
75
213
256
424
723
104
401
401
401
401
401
-1
28
-1
518
748
846
799
38
827
440
176
178
701
232
295
566
566
566
540
582
138
535
696
280
48
862
-1
740
200
424
546
483
483
483
483
85
-1
689
183
225
225
225
225
519
111
106
557
20
724
724
724
-1
376
507
403
672
156
25
514
514
514
514
294
560
470
574
574
574
169
414
573
170
793
257
-1
-1
536
520
600
307
703
703
85
826
826
814
369
-1
818
176
814
293
683
300
225
-1
325
-1
393
146
469
227
493
143
61
61
-1
18
318
-1
554
99
99
99
99
99
99
99
99
99
99
99
99
99
99
678
678
678
678
678
678
678
678
678
678
678
678
678
678
678
678
678
678
678
678
678
678
678
121
-1
-1
207
877
393
-1
52
569
747
524
512
307
749
612
612
-1
8
87
38
655
315
710
799
376
-1
77
872
711
810
231
-1
13
116
494
221
253
-1
331
306
716
338
-1
311
645
-1
183
538
109
448
754
-1
-1
724
645
399
440
723
532
532
532
532
532
532
532
532
532
27
27
793
23
882
-1
317
317
458
287
570
428
-1
-1
226
217
50
715
-1
-1
-1
661
81
429
496
106
106
73
304
751
112
4
734
822
415
-1
-1
-1
-1
379
676
245
245
245
245
245
-1
45
75
525
-1
34
12
142
262
262
262
262
262
727
265
413
-1
8
672
575
683
778
287
247
-1
399
429
606
481
-1
476
587
483
412
92
581
-1
167
188
560
380
200
880
642
188
227
137
156
413
-1
-1
-1
-1
731
356
670
100
100
100
100
100
100
100
100
100
100
100
100
100
100
100
100
100
100
100
100
100
100
100
100
100
100
100
100
-1
542
678
678
115
409
409
409
419
220
885
88
703
557
180
544
274
348
348
348
733
94
94
906
193
56
-1
381
461
768
715
134
-1
528
491
578
-1
177
393
393
393
393
393
393
393
393
393
393
393
393
393
393
393
393
393
393
393
393
393
664
664
470
-1
246
690
29
513
513
654
586
871
280
860
301
273
273
37
467
645
271
180
108
733
208
824
824
-1
128
-1
618
896
679
795
371
-1
526
433
13
13
298
462
526
212
308
479
671
251
41
204
466
508
508
508
508
508
508
508
508
508
508
-1
915
-1
40
908
156
124
118
284
736
736
263
676
792
792
812
264
400
328
74
876
790
241
171
171
171
171
171
171
171
171
171
171
171
171
171
181
721
102
610
22
22
22
22
22
22
22
22
306
336
708
416
333
657
-1
502
813
813
813
813
813
758
-1
358
754
438
621
690
312
515
37
712
-1
670
671
-1
-1
102
335
-1
382
27
915
866
541
883
364
134
622
80
636
696
98
98
338
136
113
777
757
803
48
532
100
144
636
771
771
75
612
612
25
355
355
29
29
29
0
662
234
-1
-1
685
35
880
310
310
310
310
310
310
310
310
310
310
310
310
310
310
310
310
310
310
310
310
310
169
763
568
-1
541
-1
226
677
218
263
694
281
-1
308
382
17
204
413
92
-1
-1
447
105
-1
444
517
791
211
211
211
552
13
699
722
776
350
788
788
788
788
788
788
788
577
277
96
336
495
360
290
290
290
776
27
599
418
29
63
91
342
-1
707
49
49
245
405
493
23
456
-1
575
470
664
557
328
274
427
-1
-1
551
702
502
502
502
306
306
322
793
164
555
652
761
-1
715
112
407
-1
820
456
183
485
209
384
384
384
24
173
41
494
97
777
82
371
464
70
182
248
751
-1
570
570
626
626
831
207
538
852
272
513
46
679
451
-1
217
812
-1
-1
-1
604
278
-1
-1
-1
-1
-1
-1
-1
-1
-1
-1
-1
-1
-1
-1
-1
-1
-1
-1
-1
-1
-1
-1
-1
-1
-1
-1
-1
-1
-1
-1
-1
-1
-1
-1
-1
-1
-1
-1
-1
-1
-1
38
496
390
135
534
472
472
685
81
721
127
507
554
616
160
440
707
545
60
-1
78
573
-1
-1
284
-1
235
178
686
839
-1
404
-1
392
794
273
8
348
348
218
89
151
345
597
597
-1
43
17
405
10
10
740
-1
829
-1
-1
777
-1
761
761
761
761
761
761
761
761
761
761
761
761
761
761
761
761
761
761
851
153
200
200
200
619
252
94
94
94
94
105
212
212
-1
159
663
495
685
-1
-1
837
308
619
62
530
-1
468
540
-1
193
-1
537
670
670
489
-1
-1
692
422
786
152
123
121
246
406
511
733
565
434
488
332
57
332
429
-1
-1
34
34
34
34
34
34
34
34
34
34
492
495
848
220
220
296
567
413
186
365
365
365
344
675
80
80
296
357
127
448
-1
426
872
146
197
687
711
631
257
303
110
768
-1
253
62
485
485
485
485
9
-1
705
483
738
378
669
185
-1
426
443
456
783
748
-1
523
256
-1
-1
453
806
-1
344
324
324
203
203
-1
-1
352
196
-1
414
859
-1
406
824
460
226
285
211
589
445
815
293
-1
-1
123
148
148
463
463
463
463
463
463
463
463
463
463
463
463
463
558
267
392
271
156
114
616
616
616
616
616
616
616
616
616
616
616
616
616
616
616
616
616
616
616
616
616
616
616
616
616
616
616
616
616
616
616
616
616
616
616
616
658
317
508
508
92
692
476
506
633
-1
172
540
351
577
85
740
248
708
-1
719
692
577
103
101
300
-1
368
692
192
702
66
66
442
384
577
712
336
313
300
51
27
651
769
556
310
114
379
736
823
276
538
775
114
641
876
414
562
-1
-1
367
14
14
14
289
433
83
-1
-1
77
-1
-1
413
411
443
-1
438
176
494
255
-1
609
634
634
304
692
170
842
549
284
284
743
686
-1
565
273
326
580
740
740
19
-1
-1
-1
-1
-1
97
21
-1
688
432
400
413
131
576
908
386
144
777
777
280
626
551
551
551
450
551
360
735
554
128
872
202
579
458
42
402
-1
-1
572
752
164
529
523
596
189
189
18
727
-1
186
373
169
223
653
796
34
186
607
607
395
181
421
523
523
313
-1
185
771
843
-1
508
66
419
419
343
232
232
232
232
232
232
232
31
126
89
398
322
-1
246
246
687
450
593
910
185
649
27
549
516
422
908
20
205
481
821
821
821
821
821
821
821
568
334
747
415
103
75
95
95
446
308
304
750
57
702
154
473
30
101
5
802
94
369
711
299
178
310
-1
347
508
508
508
508
508
508
508
508
508
508
508
508
508
508
508
508
508
508
508
508
508
508
508
508
508
508
508
508
508
508
186
828
411
15
245
418
67
526
494
494
494
525
54
62
62
62
-1
64
75
614
396
192
822
498
376
884
884
592
664
678
151
183
248
132
530
756
756
756
496
441
441
441
427
427
427
427
427
427
427
427
427
427
427
427
427
427
427
427
427
427
427
427
511
511
-1
106
202
202
202
202
472
778
-1
704
-1
77
28
559
652
424
11
773
4
387
0
774
392
678
7
576
8
317
188
24
-1
-1
451
451
451
451
585
13
557
787
663
595
775
775
775
775
775
775
775
627
517
112
655
336
63
63
63
63
63
63
63
63
63
63
63
63
63
63
63
63
63
63
63
162
348
-1
166
166
166
166
166
166
166
166
166
166
166
166
166
166
-1
96
23
388
388
774
208
46
42
526
412
244
600
-1
696
267
493
513
315
239
191
350
126
886
462
782
-1
525
26
26
91
-1
370
86
718
393
474
752
780
698
55
388
193
299
70
70
673
255
515
426
29
90
843
398
440
52
544
-1
-1
109
687
120
378
391
490
465
369
-1
199
203
746
-1
-1
-1
-1
-1
-1
-1
-1
-1
-1
-1
-1
-1
-1
-1
-1
-1
-1
-1
-1
-1
-1
-1
-1
-1
-1
-1
-1
-1
-1
-1
-1
-1
-1
-1
-1
-1
-1
-1
-1
-1
-1
-1
-1
-1
-1
-1
-1
-1
-1
-1
-1
-1
-1
-1
-1
-1
-1
-1
-1
-1
-1
-1
-1
-1
-1
-1
-1
-1
-1
-1
-1
-1
-1
-1
-1
-1
-1
-1
-1
-1
-1
-1
-1
-1
-1
-1
-1
-1
-1
-1
-1
-1
-1
-1
-1
-1
-1
-1
-1
-1
-1
-1
-1
-1
-1
-1
-1
-1
-1
-1
-1
-1
-1
-1
-1
-1
-1
-1
-1
-1
-1
-1
-1
-1
-1
-1
-1
-1
-1
-1
-1
-1
-1
-1
-1
-1
-1
-1
-1
-1
-1
-1
-1
-1
-1
-1
-1
-1
-1
-1
-1
-1
-1
-1
-1
-1
-1
-1
-1
-1
-1
-1
-1
-1
-1
-1
-1
-1
-1
-1
-1
-1
-1
-1
-1
-1
-1
-1
-1
-1
-1
-1
-1
-1
-1
-1
-1
-1
-1
-1
-1
-1
-1
-1
-1
-1
-1
-1
-1
-1
-1
-1
-1
-1
-1
-1
-1
-1
-1
-1
-1
-1
-1
-1
-1
-1
-1
-1
-1
-1
-1
-1
-1
-1
-1
-1
-1
-1
-1
-1
-1
-1
-1
-1
-1
-1
-1
-1
-1
-1
-1
-1
-1
-1
-1
-1
-1
-1
-1
-1
-1
-1
-1
-1
-1
-1
-1
-1
-1
-1
-1
-1
-1
-1
-1
-1
-1
-1
-1
-1
-1
-1
-1
-1
-1
-1
-1
-1
-1
-1
-1
-1
-1
-1
-1
-1
-1
-1
-1
-1
-1
-1
-1
-1
-1
-1
-1
-1
-1
-1
-1
-1
-1
-1
-1
-1
-1
-1
-1
-1
-1
-1
-1
-1
-1
-1
-1
-1
-1
-1
-1
-1
-1
-1
-1
-1
-1
-1
-1
-1
-1
-1
-1
-1
-1
-1
-1
-1
-1
-1
-1
-1
-1
-1
-1
-1
-1
-1
-1
-1
-1
-1
-1
-1
-1
-1
-1
-1
-1
-1
-1
-1
-1
-1
-1
-1
-1
-1
-1
-1
-1
-1
-1
-1
-1
-1
-1
-1
-1
-1
-1
-1
-1
-1
-1
-1
-1
-1
-1
-1
-1
-1
-1
-1
-1
-1
-1
-1
-1
-1
-1
-1
-1
-1
-1
-1
-1
-1
-1
-1
-1
-1
-1
-1
-1
-1
-1
-1
-1
-1
-1
-1
-1
-1
-1
-1
-1
-1
-1
-1
-1
-1
-1
-1
-1
-1
-1
-1
-1
-1
-1
-1
-1
-1
-1
-1
-1
-1
-1
-1
-1
-1
-1
-1
-1
-1
-1
-1
-1
-1
-1
-1
-1
-1
-1
-1
-1
-1
-1
-1
-1
-1
-1
-1
-1
-1
-1
-1
-1
-1
-1
-1
-1
-1
-1
-1
-1
-1
-1
-1
-1
-1
-1
-1
-1
-1
-1
-1
-1
-1
-1
-1
-1
-1
-1
-1
-1
-1
-1
-1
-1
-1
-1
-1
-1
-1
-1
-1
-1
-1
-1
-1
-1
-1
-1
-1
-1
-1
-1
-1
-1
-1
-1
-1
-1
-1
-1
-1
-1
-1
-1
-1
-1
-1
-1
-1
-1
-1
-1
-1
-1
-1
-1
-1
-1
-1
-1
-1
-1
-1
-1
-1
-1
-1
-1
-1
-1
-1
-1
-1
-1
-1
-1
-1
-1
-1
-1
-1
-1
-1
-1
-1
-1
-1
-1
-1
-1
-1
-1
-1
-1
-1
-1
-1
-1
-1
-1
-1
-1
-1
-1
-1
-1
-1
-1
-1
-1
-1
-1
-1
-1
-1
-1
-1
-1
-1
-1
-1
-1
-1
-1
-1
-1
-1
-1
-1
-1
-1
-1
-1
-1
-1
-1
-1
-1
-1
-1
-1
-1
-1
-1
-1
-1
-1
-1
-1
-1
-1
-1
-1
-1
-1
-1
-1
-1
-1
-1
-1
-1
-1
-1
-1
-1
-1
-1
-1
-1
-1
-1
-1
-1
-1
-1
-1
-1
-1
-1
-1
-1
-1
-1
-1
-1
-1
-1
-1
-1
-1
-1
-1
-1
-1
-1
-1
-1
-1
-1
-1
-1
-1
-1
-1
-1
-1
-1
-1
-1
-1
-1
-1
-1
-1
-1
-1
-1
-1
-1
-1
-1
-1
-1
-1
-1
-1
-1
-1
-1
-1
-1
-1
-1
-1
-1
-1
-1
-1
-1
-1
-1
-1
-1
-1
-1
-1
-1
-1
-1
-1
-1
-1
-1
-1
-1
-1
-1
-1
-1
-1
-1
-1
-1
-1
-1
-1
-1
-1
-1
-1
-1
-1
-1
-1
-1
-1
-1
-1
-1
-1
-1
-1
-1
-1
-1
-1
-1
-1
-1
-1
-1
-1
-1
-1
-1
-1
-1
-1
-1
-1
-1
-1
-1
-1
-1
-1
-1
-1
-1
-1
-1
-1
-1
-1
-1
-1
-1
-1
-1
-1
-1
-1
-1
-1
-1
-1
-1
-1
-1
-1
-1
-1
-1
-1
-1
-1
-1
-1
-1
-1
-1
-1
-1
-1
-1
-1
-1
-1
-1
-1
-1
-1
-1
-1
-1
-1
-1
-1
-1
-1
-1
-1
-1
-1
-1
-1
-1
-1
-1
-1
-1
-1
-1
-1
-1
-1
-1
-1
-1
-1
-1
-1
-1
-1
-1
-1
-1
-1
-1
-1
-1
-1
-1
-1
-1
-1
-1
-1
-1
-1
-1
-1
-1
-1
-1
-1
-1
-1
-1
-1
-1
-1
-1
-1
-1
-1
-1
-1
-1
-1
-1
-1
-1
-1
-1
-1
-1
436
394
351
736
-1
106
251
417
417
710
280
508
-1
678
30
30
866
305
193
782
592
140
902
52
531
-1
696
160
-1
-1
542
-1
-1
60
278
486
56
2
592
308
598
563
588
188
75
527
218
407
92
589
449
684
730
433
662
662
662
662
662
662
662
662
662
662
662
662
521
167
693
682
46
671
306
848
-1
366
387
375
423
567
227
-1
247
790
579
435
435
331
366
366
832
-1
458
458
458
503
447
225
225
225
225
225
225
225
225
225
225
225
225
225
225
225
225
315
140
222
97
308
916
779
532
-1
-1
167
640
735
711
109
192
394
677
598
385
6
648
225
442
62
591
591
534
534
60
132
119
686
535
-1
-1
17
710
394
394
394
193
571
8
122
-1
649
118
-1
18
-1
364
695
168
749
749
749
749
-1
-1
-1
234
234
234
234
234
234
234
234
234
404
404
139
826
20
20
20
377
218
317
145
13
12
54
208
-1
448
402
731
-1
702
729
544
-1
-1
562
391
323
323
340
559
332
332
-1
-1
567
144
775
653
342
342
342
235
131
659
558
322
850
-1
530
-1
321
14
824
38
717
-1
582
797
772
226
270
177
744
90
510
306
726
337
450
-1
29
792
792
792
792
792
792
792
792
792
792
792
792
792
792
792
792
792
792
792
792
792
792
257
381
712
815
881
644
510
493
736
-1
686
642
-1
663
538
711
542
392
19
-1
748
24
163
518
330
-1
-1
41
-1
187
93
29
746
805
148
709
531
836
836
836
836
836
836
836
836
836
836
836
836
836
836
836
462
528
9
230
252
878
-1
50
-1
-1
-1
-1
-1
-1
-1
-1
696
443
-1
591
273
152
14
791
661
163
906
702
157
353
795
407
359
683
733
328
-1
-1
-1
-1
-1
651
790
84
660
103
515
798
256
565
729
34
90
90
90
90
858
803
541
92
817
592
13
241
758
715
398
371
771
-1
-1
-1
730
714
799
140
270
270
270
270
270
270
270
270
270
270
270
270
270
270
270
270
270
270
270
270
270
270
270
270
270
270
270
270
270
270
270
270
270
270
270
270
270
270
270
270
270
270
270
270
270
270
270
270
270
270
270
270
270
270
270
270
270
270
270
270
270
270
270
270
270
270
270
270
270
270
270
270
270
270
270
270
270
270
270
270
270
270
270
270
270
270
270
270
270
270
270
270
270
270
270
270
270
270
270
270
270
270
270
270
270
270
270
270
270
270
270
270
270
270
270
270
270
270
270
270
270
270
270
270
270
270
270
270
270
270
270
270
270
270
270
270
270
270
270
270
270
270
270
270
270
270
270
270
270
270
270
270
270
270
270
270
270
270
270
270
270
270
270
270
270
270
270
270
270
270
270
270
270
270
270
270
270
270
270
270
270
270
270
270
270
270
270
270
270
270
270
270
270
270
270
270
270
270
270
270
270
270
270
270
270
270
270
270
270
270
270
270
270
270
270
270
270
270
270
270
270
270
270
270
270
270
270
270
270
270
270
270
270
270
270
270
270
270
270
270
270
270
270
270
270
270
270
270
270
270
270
270
270
270
270
270
270
270
270
270
270
270
270
270
270
270
270
270
270
270
270
270
270
270
270
270
270
270
270
270
270
270
532
191
533
275
472
130
155
728
873
145
23
224
85
86
765
355
164
164
164
-1
369
369
369
369
369
369
369
369
369
369
405
405
405
405
458
344
803
90
197
868
-1
171
749
221
-1
364
412
235
235
235
-1
-1
543
232
872
498
555
155
722
722
722
818
242
748
256
406
448
-1
811
811
811
811
811
811
811
811
811
811
811
811
811
811
811
811
811
811
811
811
811
811
811
811
811
811
811
811
811
811
811
811
166
407
-1
434
783
783
783
783
783
-1
337
36
-1
736
656
458
408
151
151
151
357
374
872
767
506
453
405
405
662
435
305
305
305
305
305
305
305
305
305
305
305
305
305
305
305
305
305
305
305
305
305
305
305
305
305
305
305
305
305
305
305
305
305
305
305
305
305
305
305
305
305
305
305
305
305
305
305
305
305
305
305
305
305
305
-1
265
663
570
-1
-1
463
318
292
419
752
752
752
752
752
752
752
752
752
752
752
752
752
752
157
503
48
48
193
597
167
110
137
575
575
439
672
209
394
700
716
847
187
187
187
187
187
187
187
187
187
187
187
187
187
-1
364
670
-1
-1
-1
-1
-1
-1
808
492
454
41
376
-1
359
668
577
577
372
85
359
721
457
39
149
567
567
354
902
88
287
194
482
69
170
589
256
66
25
8
870
282
678
406
323
323
137
405
-1
65
261
315
151
798
296
786
97
97
445
435
73
67
701
663
663
663
663
663
-1
444
-1
-1
-1
-1
-1
54
293
324
122
507
332
74
49
271
658
373
408
145
494
651
584
809
62
464
365
848
562
811
543
274
501
505
273
385
31
163
617
324
-1
-1
92
79
73
141
350
731
692
18
18
136
268
-1
-1
-1
-1
-1
-1
-1
-1
337
170
-1
703
101
444
774
-1
718
357
409
73
2
440
414
414
-1
-1
25
161
-1
295
419
-1
614
29
860
389
226
256
835
156
414
433
433
433
433
433
433
433
326
118
396
605
563
67
67
510
541
541
787
1
793
49
-1
289
668
645
-1
546
22
130
675
814
159
-1
285
563
133
381
719
547
547
547
547
74
306
-1
648
171
488
160
651
290
29
861
165
78
563
-1
6
468
343
730
668
668
651
487
564
564
71
364
110
-1
496
491
436
304
743
2
2
2
229
473
173
896
633
115
268
-1
58
433
178
621
147
362
171
669
174
-1
402
661
485
473
285
773
190
42
42
42
42
42
42
42
42
42
42
42
42
42
524
804
346
48
-1
753
82
82
239
731
715
354
259
259
259
259
815
412
692
75
75
75
293
100
437
437
-1
769
769
789
741
431
710
309
309
309
309
-1
77
342
355
297
-1
241
241
241
241
241
241
-1
-1
-1
-1
298
307
657
381
381
546
648
356
161
-1
-1
254
573
682
507
507
127
42
27
769
-1
76
593
593
325
787
162
490
124
-1
-1
422
453
346
325
12
653
653
653
653
64
393
75
75
75
713
9
620
703
263
454
645
771
581
688
688
688
688
688
688
688
688
688
688
688
688
688
688
688
688
688
688
688
688
688
688
688
688
688
688
688
688
688
688
688
688
688
688
688
688
688
688
688
688
688
58
432
-1
134
285
344
181
447
94
306
212
21
728
665
367
135
677
280
280
280
280
280
280
280
280
200
330
740
173
340
442
442
442
136
781
-1
781
-1
662
729
870
870
67
571
265
715
175
446
423
270
752
-1
469
562
382
97
-1
-1
320
377
336
828
199
509
29
-1
645
292
58
686
186
796
498
139
308
329
404
283
682
110
110
110
110
706
34
123
423
682
682
-1
66
779
-1
-1
564
564
238
239
-1
616
8
897
518
518
653
277
754
754
600
463
-1
358
780
780
200
865
444
662
-1
555
450
842
678
134
606
801
801
378
467
705
202
705
26
-1
581
213
-1
181
181
181
126
376
18
18
18
726
100
-1
166
880
289
113
585
33
3
222
661
845
160
55
711
43
611
260
8
-1
225
213
10
807
426
109
248
552
-1
444
507
-1
533
705
726
-1
79
393
115
260
793
36
187
213
270
158
435
435
141
418
621
23
-1
-1
225
888
888
520
334
334
219
155
80
-1
694
-1
456
659
-1
538
-1
-1
484
653
258
538
-1
-1
751
398
781
781
446
507
75
328
754
363
244
61
61
61
333
765
396
730
180
654
654
134
581
192
52
494
731
52
60
644
-1
598
772
194
610
252
235
316
316
316
316
792
647
644
806
318
149
-1
829
174
524
-1
354
260
556
556
556
556
556
556
556
556
666
101
748
719
595
663
31
656
644
520
514
498
714
206
11
11
11
11
209
701
63
904
427
869
304
576
79
216
750
603
118
364
124
674
112
225
682
92
-1
-1
-1
123
662
408
643
511
166
-1
-1
-1
-1
-1
-1
-1
-1
-1
-1
-1
-1
-1
-1
-1
-1
-1
-1
-1
-1
-1
-1
-1
-1
-1
-1
-1
-1
-1
-1
-1
-1
-1
-1
-1
-1
-1
-1
-1
-1
-1
-1
-1
-1
-1
-1
-1
-1
-1
-1
-1
-1
-1
-1
-1
-1
-1
-1
-1
-1
-1
-1
177
827
679
240
73
366
370
370
370
370
370
556
25
449
32
35
313
150
578
437
84
690
662
766
42
743
530
166
740
20
69
512
187
865
490
542
774
429
43
107
795
413
663
80
-1
695
294
257
105
872
872
189
-1
795
216
-1
-1
746
113
621
27
360
23
392
307
883
194
341
341
394
394
394
394
394
394
394
394
394
394
394
394
394
394
394
394
394
394
394
394
394
394
394
394
394
394
394
394
394
394
394
394
394
394
394
394
394
394
394
394
394
394
394
394
394
237
449
271
650
372
530
773
150
824
290
433
778
423
801
682
300
99
-1
180
105
2
61
61
310
363
276
702
-1
-1
-1
-1
-1
241
157
272
813
394
394
394
721
167
305
175
697
338
503
-1
806
19
641
311
-1
-1
405
611
179
117
52
284
297
113
773
660
568
568
568
568
568
735
735
735
735
735
735
735
591
591
591
69
892
123
-1
369
-1
310
-1
279
279
267
272
43
43
43
43
130
160
240
771
472
320
258
343
499
553
395
43
851
851
509
816
771
159
-1
-1
228
786
664
371
237
671
651
651
171
211
30
621
432
432
160
782
672
13
514
74
450
-1
751
85
513
54
196
104
131
50
441
25
672
847
847
847
-1
500
301
309
431
64
658
658
-1
273
362
334
433
404
404
88
625
625
0
340
157
157
157
157
157
157
157
-1
351
351
420
73
584
617
734
715
667
435
0
599
365
365
365
365
365
365
365
365
365
365
365
71
181
-1
380
791
168
299
693
441
661
110
135
325
376
20
325
-1
-1
-1
-1
-1
-1
-1
-1
-1
-1
-1
-1
177
177
442
-1
775
155
172
474
-1
147
401
585
325
261
210
57
442
136
136
37
493
482
336
269
184
184
257
557
557
557
496
582
193
517
167
170
872
-1
855
729
-1
287
464
914
435
125
759
20
386
51
417
89
365
74
582
108
108
108
108
108
108
51
111
111
292
309
668
668
668
668
668
668
668
789
151
151
151
862
388
319
319
292
342
189
229
331
36
517
795
210
210
212
181
52
232
567
281
650
-1
-1
365
499
15
416
788
307
897
507
507
507
356
137
483
744
-1
775
346
823
87
677
119
782
733
507
76
-1
662
308
308
741
101
218
-1
186
583
595
201
260
465
508
245
86
86
124
560
560
560
560
560
560
560
560
560
560
747
-1
276
605
474
359
-1
411
478
478
-1
226
246
70
400
65
556
402
344
775
320
320
530
618
175
175
-1
-1
-1
-1
-1
-1
-1
-1
-1
-1
-1
-1
-1
-1
-1
-1
-1
-1
-1
-1
-1
-1
-1
-1
677
384
727
801
26
556
11
481
421
-1
-1
551
-1
579
545
383
85
793
44
150
432
432
432
432
432
624
673
467
204
463
167
379
74
306
101
101
25
690
88
88
88
98
894
823
109
457
-1
773
558
138
752
57
-1
395
-1
662
439
439
439
439
439
439
439
-1
-1
251
323
565
718
527
111
145
-1
744
629
268
40
579
356
316
556
439
426
273
26
75
91
342
471
-1
285
866
52
104
566
863
355
-1
510
333
499
799
657
-1
-1
-1
-1
-1
-1
368
-1
666
208
372
242
-1
-1
-1
297
297
97
387
389
439
-1
137
725
807
190
-1
-1
135
445
-1
823
38
185
705
-1
-1
412
324
324
866
338
532
320
581
556
392
392
509
113
489
489
-1
680
11
837
-1
-1
-1
268
825
619
403
530
306
308
747
747
-1
273
702
780
686
286
729
284
284
818
309
-1
-1
879
-1
8
-1
-1
688
-1
711
766
814
-1
116
899
577
577
577
577
519
512
143
88
519
73
361
303
303
-1
307
578
-1
592
668
412
717
563
551
434
571
262
262
308
519
162
280
368
58
58
238
484
40
-1
264
730
219
530
331
292
292
292
151
-1
405
75
-1
508
311
235
2
110
58
553
723
-1
76
113
408
238
393
776
297
631
521
337
337
707
785
149
8
575
658
-1
726
374
-1
445
119
-1
756
532
653
127
578
467
850
479
543
223
-1
41
-1
746
746
746
746
746
746
746
746
746
746
746
746
746
746
338
338
338
338
338
338
508
527
-1
475
572
262
262
262
661
229
2
221
221
37
555
365
-1
674
98
499
288
12
626
-1
-1
558
439
282
42
586
323
659
592
840
427
201
775
163
773
120
824
262
300
306
478
-1
849
221
611
207
720
159
219
607
119
876
66
736
736
736
736
736
736
736
736
736
736
736
736
736
736
736
736
736
736
736
736
736
736
736
736
736
736
736
736
736
736
736
736
736
736
736
736
736
736
736
736
736
736
736
736
240
467
583
742
386
257
664
-1
75
699
59
492
492
79
143
15
380
449
493
495
558
714
714
367
766
694
526
67
67
67
383
-1
204
-1
-1
-1
358
-1
446
664
743
370
818
462
152
138
25
231
231
75
229
-1
169
900
189
727
-1
-1
734
575
651
342
-1
294
248
107
363
329
-1
722
814
814
814
814
814
814
814
814
814
814
814
814
436
727
-1
66
-1
-1
361
218
204
754
450
663
65
321
832
226
226
226
226
688
-1
182
-1
-1
93
93
107
380
388
533
665
751
-1
-1
833
733
759
759
529
720
-1
595
-1
458
-1
-1
-1
294
294
524
736
537
105
650
650
650
650
650
650
650
650
-1
794
552
28
558
112
121
121
665
670
687
687
687
281
596
521
225
511
514
244
122
317
341
717
7
799
791
791
791
791
791
791
80
175
57
816
712
651
726
736
557
361
24
197
-1
323
123
225
93
404
-1
-1
-1
-1
-1
-1
-1
-1
-1
-1
-1
-1
-1
-1
-1
-1
-1
-1
-1
-1
-1
-1
-1
792
807
592
388
312
312
714
-1
653
692
151
151
151
151
712
565
231
-1
223
223
307
-1
-1
-1
-1
-1
115
-1
721
721
476
-1
178
209
209
209
209
209
209
285
285
479
435
378
883
516
67
33
369
78
523
165
44
436
117
19
230
-1
-1
377
166
907
907
318
330
286
256
311
-1
395
667
54
680
229
667
318
372
444
444
748
405
-1
87
188
238
131
-1
356
326
114
299
12
491
643
183
810
27
469
326
722
492
721
471
725
662
662
700
700
700
700
652
240
240
155
178
249
738
251
336
9
668
467
811
106
52
8
583
243
677
-1
426
569
-1
-1
-1
-1
-1
-1
-1
-1
-1
-1
-1
-1
-1
-1
-1
-1
-1
-1
-1
-1
-1
-1
-1
-1
-1
-1
-1
-1
-1
-1
-1
-1
-1
-1
-1
-1
-1
-1
-1
-1
-1
-1
-1
-1
-1
-1
-1
-1
-1
-1
-1
-1
-1
-1
-1
-1
-1
-1
-1
-1
-1
-1
-1
-1
-1
-1
155
155
701
648
137
137
137
137
137
137
137
137
137
137
137
137
137
137
137
137
137
137
137
137
137
137
137
137
137
137
137
137
137
137
137
137
137
137
137
137
137
137
254
74
59
59
59
23
367
299
370
724
724
548
368
57
57
57
144
555
725
789
449
91
842
635
635
635
635
852
852
167
394
394
420
771
224
399
9
557
360
-1
872
-1
550
550
550
13
-1
-1
917
491
460
723
299
-1
41
444
466
26
315
175
296
240
70
230
585
585
642
-1
617
866
-1
-1
684
-1
721
638
724
353
652
-1
530
530
225
356
336
524
444
555
228
170
581
544
523
137
44
771
368
-1
496
457
506
506
-1
27
25
388
-1
17
109
860
548
21
756
161
424
372
372
372
372
372
372
372
372
675
208
77
312
437
247
153
241
31
291
285
285
285
285
285
802
802
837
174
558
376
859
859
263
263
263
263
403
155
-1
540
351
198
482
159
219
321
321
321
321
320
-1
693
255
112
770
664
727
727
278
-1
228
-1
450
652
549
369
865
190
664
66
-1
408
222
222
542
30
751
741
513
170
220
-1
-1
124
787
6
414
-1
752
401
356
-1
-1
103
443
402
652
-1
527
102
-1
594
733
307
76
76
76
358
338
87
181
111
257
401
401
401
401
401
205
8
703
74
193
199
152
152
152
152
27
778
686
686
20
20
20
20
20
20
489
789
-1
891
524
535
501
626
612
355
442
442
442
1
431
60
339
518
419
450
775
80
80
80
80
80
80
80
80
80
80
80
80
80
80
80
80
80
80
80
80
80
80
80
80
80
80
80
80
80
80
80
80
80
80
80
80
80
80
80
80
80
80
80
80
80
80
80
80
80
80
80
80
80
80
80
80
80
80
80
80
80
80
80
80
80
80
80
80
80
80
80
80
80
80
80
80
80
80
80
80
80
80
80
80
80
80
80
80
80
80
80
80
80
80
80
80
80
80
80
80
80
80
80
80
80
80
80
80
80
80
80
80
80
80
80
80
80
80
80
80
80
80
80
80
80
80
80
80
80
80
80
80
80
80
80
80
80
80
80
80
80
80
80
80
80
80
80
80
80
80
80
80
80
80
80
80
80
80
80
80
80
80
80
80
80
80
80
80
80
80
80
80
80
80
80
80
80
80
80
80
80
80
80
80
80
80
80
80
80
80
80
80
80
80
80
80
80
80
80
80
-1
44
784
-1
237
243
320
264
104
89
462
593
878
878
878
878
185
185
185
185
185
185
664
662
-1
-1
-1
-1
-1
371
592
-1
73
771
771
771
771
374
311
371
152
730
81
187
810
-1
231
854
-1
-1
468
468
180
485
-1
462
574
-1
137
535
77
142
457
57
648
828
828
828
827
591
161
651
651
651
651
651
651
651
651
651
651
651
651
651
651
651
651
651
651
651
651
651
651
651
651
651
651
651
651
651
651
651
651
651
651
651
651
651
651
651
651
651
651
651
651
651
651
651
651
651
651
651
651
651
651
651
651
651
651
651
651
651
651
651
651
651
651
651
651
651
651
651
651
651
651
651
651
651
651
651
651
651
651
651
651
651
651
651
651
651
651
651
651
651
651
651
651
651
651
651
651
651
651
651
651
651
651
651
651
651
651
651
651
651
651
651
651
651
651
651
651
651
651
651
651
651
651
651
651
651
651
651
651
651
225
-1
134
377
377
377
377
377
377
377
377
377
377
377
377
377
377
377
377
284
393
565
355
390
796
291
555
525
471
123
647
15
648
410
331
492
487
-1
32
723
382
382
120
120
120
632
55
460
573
75
14
-1
-1
477
361
661
-1
751
718
205
389
325
855
512
512
102
130
469
690
-1
222
260
260
260
373
432
65
-1
552
-1
70
94
709
529
287
676
676
-1
764
297
297
297
297
297
297
297
297
297
297
369
-1
131
169
321
698
698
698
698
698
698
698
698
698
698
698
698
698
698
698
698
672
672
258
470
35
35
35
35
567
21
725
288
421
245
839
-1
-1
676
488
446
446
446
747
760
415
536
129
173
244
153
649
792
91
40
221
221
221
221
221
413
738
154
-1
290
189
498
489
174
47
47
171
171
420
420
-1
106
106
908
645
594
-1
652
-1
111
270
270
744
463
693
158
194
567
249
234
788
788
662
232
24
594
700
391
352
449
566
399
620
246
546
727
414
273
581
289
185
278
400
-1
283
123
408
441
317
57
-1
729
106
791
43
308
645
743
700
79
79
79
79
79
275
526
526
657
-1
32
285
704
446
736
546
735
3
-1
396
-1
367
519
305
66
97
540
19
-1
824
-1
870
23
537
873
175
794
408
701
711
711
386
907
78
350
350
350
439
74
74
-1
435
255
255
63
-1
152
608
610
457
677
677
677
677
677
677
677
677
677
677
677
677
677
677
677
677
677
677
677
677
677
677
677
677
677
677
677
677
677
677
677
677
677
677
677
677
677
677
677
677
677
677
677
677
677
677
677
677
677
677
677
677
677
677
677
677
677
677
677
677
677
677
707
257
-1
794
164
766
6
379
563
-1
661
-1
370
515
411
411
411
16
686
667
544
207
742
523
820
257
764
-1
409
454
782
126
391
571
384
347
-1
726
373
-1
187
196
771
1
-1
401
401
694
485
417
462
412
43
-1
-1
414
744
10
672
768
3
341
305
45
45
468
468
468
468
468
468
468
468
468
468
468
468
468
468
468
468
468
468
468
468
468
468
468
468
468
468
468
468
468
468
468
468
468
468
468
468
468
468
468
468
468
468
468
468
468
468
468
468
468
468
468
468
468
468
468
468
468
468
468
468
468
468
468
468
468
468
468
468
468
468
468
468
468
468
468
468
468
468
468
468
468
468
468
468
468
468
468
468
468
468
468
468
468
468
468
468
468
468
468
468
468
468
468
468
468
468
468
468
468
468
468
468
468
468
468
468
468
468
468
468
468
468
468
468
468
468
468
468
468
468
468
468
468
468
468
468
468
468
468
468
468
468
468
468
468
468
468
468
468
468
468
468
468
468
468
468
468
468
468
468
468
468
468
468
468
468
468
468
468
468
468
468
468
468
468
468
468
468
468
468
468
468
468
468
468
468
468
468
468
468
468
468
468
468
468
468
468
468
468
468
468
468
468
468
468
468
468
468
468
468
468
468
468
468
468
468
468
468
468
468
468
468
468
468
468
468
468
468
468
468
468
468
468
468
468
468
468
468
468
468
468
468
468
468
468
468
468
468
468
468
468
468
468
468
468
468
468
468
468
468
468
468
468
468
468
468
468
468
468
468
468
468
468
468
468
468
468
468
468
468
468
468
468
468
468
468
468
468
468
468
468
468
468
468
468
468
468
468
468
468
468
468
468
468
468
468
468
468
468
468
468
468
468
468
468
468
468
468
468
468
468
468
468
468
468
468
468
468
468
468
468
468
468
468
468
468
468
468
468
468
468
468
468
468
468
468
468
468
468
468
468
468
468
468
468
468
468
468
468
468
468
468
468
468
468
468
468
468
468
468
468
468
468
468
468
468
468
468
468
468
468
468
468
468
468
468
468
468
468
468
468
468
468
468
468
468
468
468
468
468
468
468
468
468
468
468
468
468
468
468
468
468
468
468
468
468
468
468
468
468
468
468
468
468
468
468
468
468
468
468
468
468
468
468
468
468
468
468
468
468
468
468
468
468
468
468
468
468
468
468
468
468
468
468
468
468
468
468
468
468
468
468
468
468
468
468
468
468
468
468
468
468
468
468
468
468
468
468
468
468
468
468
468
468
468
468
468
468
468
468
468
468
468
468
468
468
468
468
468
468
468
468
468
468
468
468
468
468
468
468
468
468
468
468
468
468
468
468
468
468
468
468
468
468
468
468
468
468
468
468
468
468
468
468
468
468
468
468
468
468
468
468
468
468
468
468
468
468
468
468
468
468
468
468
468
468
468
468
468
468
468
468
468
468
468
468
468
468
468
468
468
468
468
468
468
468
468
468
468
468
468
468
468
468
468
468
468
468
468
468
468
468
468
468
468
468
468
468
468
468
468
468
468
468
468
468
468
468
468
468
468
468
468
468
468
468
468
468
468
468
468
468
468
468
468
468
468
468
468
468
468
468
468
468
468
468
468
468
468
468
468
468
468
468
468
468
468
468
468
468
468
468
468
468
468
468
468
468
468
468
468
468
468
468
468
468
468
468
468
468
468
468
468
468
468
468
468
468
468
468
468
468
468
468
468
468
468
468
468
468
468
468
468
468
468
468
468
468
468
468
468
468
468
468
468
468
468
468
468
468
468
468
468
468
468
468
468
468
468
468
468
468
468
468
468
468
468
468
468
468
468
468
468
468
468
468
468
468
468
468
468
468
468
468
468
468
468
468
468
468
468
468
468
468
468
468
468
468
468
468
468
468
468
468
468
468
468
468
468
468
468
468
468
468
