775
-1
315
187
797
241
802
660
249
-1
-1
-1
158
31
734
223
437
328
708
540
754
388
35
-1
699
141
422
872
-1
157
847
793
221
-1
-1
714
714
714
714
714
714
714
714
714
329
543
37
25
463
286
105
-1
495
-1
104
193
428
-1
-1
264
461
28
28
145
242
170
170
567
374
50
724
481
-1
27
446
446
411
2
35
25
39
427
677
-1
711
558
81
-1
663
73
320
735
446
-1
456
456
474
908
698
822
735
735
735
735
735
735
155
-1
541
-1
798
746
342
469
748
556
684
48
48
65
621
730
776
776
262
71
669
185
524
249
180
52
272
-1
704
440
595
595
609
257
10
563
58
-1
621
-1
249
249
249
249
249
249
249
249
249
249
249
249
249
249
249
249
249
249
249
249
249
249
249
249
249
249
249
249
249
249
249
249
249
249
249
249
173
-1
65
117
121
309
-1
851
345
438
5
274
-1
707
524
64
-1
56
701
723
723
496
378
414
414
414
754
389
238
-1
474
119
878
-1
470
33
49
587
155
358
-1
266
703
284
271
238
-1
238
762
232
232
232
232
232
232
232
257
-1
15
63
575
571
571
571
571
571
571
571
477
412
220
-1
485
694
694
95
-1
678
565
656
656
727
413
413
-1
345
259
338
308
543
-1
546
711
-1
-1
-1
568
25
187
647
647
647
647
647
647
647
647
647
647
647
647
218
218
428
428
428
428
304
790
166
894
270
141
639
47
414
414
414
414
344
344
897
240
83
-1
653
154
154
317
172
492
-1
-1
-1
362
362
610
687
470
438
-1
835
345
369
346
650
419
512
804
689
689
689
-1
526
914
328
130
-1
568
213
-1
-1
546
448
653
120
512
-1
660
204
575
212
820
726
308
248
248
248
177
654
158
774
426
44
545
339
748
542
-1
-1
-1
701
495
352
655
236
-1
363
-1
101
875
778
21
339
-1
234
242
421
542
668
776
456
826
-1
-1
870
438
481
-1
240
409
-1
23
164
274
856
579
255
302
728
534
437
588
555
37
462
49
457
143
769
207
2
307
115
812
449
245
510
191
191
206
750
778
306
34
202
581
890
890
890
781
96
73
592
592
-1
-1
440
440
445
9
902
673
466
128
524
-1
308
92
48
380
719
471
891
-1
678
678
-1
770
244
17
27
27
-1
-1
96
181
442
688
71
592
211
517
779
373
272
-1
679
56
438
69
148
664
628
128
128
128
218
601
120
156
762
151
400
780
384
-1
30
480
667
650
429
663
325
818
516
186
451
48
692
213
104
390
282
431
431
431
431
431
431
137
-1
559
355
771
857
857
689
-1
90
171
656
652
-1
-1
-1
686
393
585
418
822
584
3
900
900
900
900
900
900
900
900
900
900
182
368
433
230
320
320
320
320
646
512
710
189
25
847
359
584
462
213
524
27
89
792
583
583
5
527
500
652
652
652
652
652
652
652
652
652
652
652
652
652
652
652
2
345
345
369
84
11
373
66
371
371
1
677
601
321
406
196
113
773
399
399
221
25
66
683
-1
768
177
694
-1
20
699
699
429
698
650
431
126
102
693
315
653
-1
687
654
519
548
57
185
744
348
40
226
569
254
470
513
-1
320
-1
-1
222
-1
-1
774
652
668
684
343
54
46
119
370
699
138
317
613
-1
865
-1
280
-1
457
320
356
108
753
86
799
873
584
749
29
806
-1
63
718
-1
748
322
880
880
794
794
441
510
754
757
-1
627
-1
35
558
23
23
23
23
23
23
23
165
97
536
521
383
549
549
-1
265
-1
273
274
274
711
339
432
775
140
340
-1
462
-1
659
163
73
495
180
180
180
180
180
160
205
205
205
205
205
205
205
205
205
205
205
205
205
205
205
205
205
205
205
205
205
205
205
205
205
205
205
205
205
205
205
205
205
205
205
115
373
23
331
538
298
127
319
651
676
186
206
440
-1
659
411
411
59
173
268
377
652
133
99
253
253
52
440
-1
548
620
665
13
13
736
736
298
25
327
327
-1
512
454
416
454
390
-1
-1
-1
-1
660
90
322
579
501
559
752
30
18
525
341
295
39
394
394
735
543
203
616
616
290
394
-1
767
-1
21
686
381
653
362
835
303
303
303
303
303
303
303
303
303
303
303
303
303
303
303
303
303
303
303
303
303
303
303
303
303
303
303
303
303
303
303
303
303
303
303
303
303
303
303
303
303
303
303
303
303
303
303
303
303
303
303
303
303
303
303
303
303
303
303
303
303
303
303
303
303
303
303
303
303
303
303
303
303
303
47
-1
571
370
417
332
189
67
362
208
23
644
651
254
358
499
798
561
197
348
38
69
69
69
69
69
69
69
69
69
69
69
69
69
69
69
69
69
69
69
69
69
69
69
69
197
647
90
143
110
3
506
206
306
731
44
44
137
361
639
469
551
151
92
-1
367
56
522
799
414
281
-1
58
656
288
96
725
725
725
725
725
725
663
3
75
67
291
78
751
496
562
564
719
699
8
441
251
559
770
343
578
57
399
360
279
73
-1
218
131
558
684
405
366
-1
586
-1
675
878
698
508
635
342
154
-1
302
340
316
731
-1
168
156
559
566
566
566
566
566
566
566
566
733
180
105
-1
822
501
198
-1
268
603
266
-1
272
-1
-1
-1
410
666
579
305
268
733
2
748
748
156
156
318
561
315
665
665
665
665
665
665
665
665
665
665
665
665
665
665
665
665
665
665
665
665
665
665
665
665
665
665
665
665
665
665
665
665
665
665
665
665
665
665
665
665
665
665
665
665
665
665
665
665
665
665
665
665
665
665
665
665
665
665
665
665
665
665
665
665
665
665
665
665
665
665
665
665
665
665
665
665
665
665
665
665
665
665
665
665
665
665
665
665
665
717
135
313
710
710
710
315
418
599
57
1
797
119
447
660
386
583
192
354
654
780
780
280
315
168
726
131
348
557
465
-1
200
780
592
178
175
165
-1
490
-1
747
-1
22
-1
89
89
648
418
653
653
653
653
653
653
653
653
653
653
653
653
653
653
653
653
653
313
663
89
50
50
50
602
418
543
30
355
355
674
556
-1
-1
-1
-1
-1
399
483
19
440
335
373
615
500
521
188
521
521
351
335
544
237
424
274
784
159
-1
784
426
75
646
55
619
854
411
553
492
492
492
492
492
492
492
492
492
492
492
492
492
492
492
492
492
492
492
492
492
492
492
492
492
492
492
492
492
492
492
492
492
492
492
492
492
492
492
492
492
492
492
492
492
492
583
213
58
58
778
653
571
411
528
332
332
15
894
894
853
544
312
657
781
736
191
826
156
39
39
39
39
39
39
39
39
39
39
39
39
39
39
39
39
39
39
39
39
39
39
39
39
39
39
39
39
870
760
292
598
816
171
534
487
725
108
152
198
344
191
191
191
191
191
191
191
191
191
-1
-1
-1
-1
780
-1
330
55
-1
443
599
10
183
183
-1
6
374
549
340
591
501
183
144
359
259
315
153
153
746
300
261
158
158
498
498
498
498
498
498
498
498
498
498
498
498
498
498
498
498
498
498
498
498
498
498
498
498
498
498
498
498
498
498
498
498
498
498
498
498
498
498
498
498
498
498
498
498
498
498
498
498
498
498
498
498
498
498
498
498
498
498
498
498
498
498
498
498
498
498
498
498
498
498
498
498
498
498
498
498
498
498
498
498
498
498
498
498
784
527
-1
42
390
331
550
445
29
75
305
39
436
28
223
71
577
564
662
338
747
66
-1
88
382
110
94
860
371
67
67
67
67
67
67
67
67
441
415
40
132
457
608
-1
89
89
313
670
343
618
-1
779
646
193
-1
-1
17
773
81
764
839
38
112
112
112
-1
148
384
424
698
74
125
19
114
257
-1
-1
159
180
296
829
523
-1
59
563
-1
67
495
386
447
350
646
293
450
684
583
13
833
49
437
437
437
791
791
791
791
301
740
66
66
416
258
159
576
417
340
340
872
506
123
129
565
686
686
686
686
686
686
686
686
686
686
686
686
686
32
77
442
596
524
52
324
77
502
269
660
516
362
-1
213
235
271
36
481
-1
294
-1
701
-1
241
656
-1
364
45
125
311
77
380
753
851
-1
-1
436
242
568
705
163
166
327
310
557
562
-1
771
125
-1
325
766
766
668
296
267
406
34
-1
451
159
203
706
717
38
-1
882
103
335
207
671
300
370
97
627
627
-1
-1
-1
449
449
700
686
686
686
575
666
272
601
601
601
416
746
869
82
780
761
533
199
199
46
499
-1
262
399
-1
543
-1
348
297
473
-1
572
360
837
837
-1
-1
-1
434
645
545
706
706
328
328
328
328
328
328
328
328
328
328
328
328
328
328
328
328
328
328
328
44
712
457
126
575
300
-1
34
524
419
211
46
-1
175
578
73
701
147
546
680
719
906
599
289
798
-1
723
525
105
689
114
114
327
-1
571
454
318
132
552
353
353
353
353
353
353
353
353
353
818
52
742
742
742
742
742
742
-1
132
-1
731
205
-1
878
878
11
641
-1
-1
500
228
58
238
238
211
-1
343
343
-1
135
849
644
-1
563
44
99
197
197
197
197
197
197
575
15
29
400
156
560
577
147
25
538
107
36
36
439
47
25
21
453
272
259
665
293
781
825
607
890
551
574
535
774
774
673
661
431
-1
242
91
283
803
847
67
828
467
716
-1
167
23
339
366
-1
789
-1
401
164
667
309
771
-1
-1
427
434
434
716
360
248
408
487
668
499
499
499
770
553
428
428
282
642
156
258
767
323
281
281
281
281
188
867
758
59
753
419
401
680
728
433
579
671
860
95
647
481
521
137
50
272
815
820
85
503
503
503
362
727
837
-1
754
420
162
24
370
370
370
370
370
370
370
370
370
370
370
370
370
370
370
370
370
370
370
370
370
370
2
261
205
600
663
-1
410
178
418
341
298
-1
71
39
424
386
89
-1
461
169
42
47
532
29
884
413
784
387
575
66
-1
-1
508
44
44
44
44
44
44
44
44
44
44
44
44
44
44
44
44
44
44
438
438
438
253
253
253
190
-1
609
738
738
450
167
641
641
641
641
641
641
521
207
325
167
296
460
-1
466
502
502
676
258
709
-1
671
753
289
289
506
82
306
344
578
529
782
103
719
-1
712
507
423
-1
440
204
168
26
371
465
-1
260
191
248
196
449
39
99
380
52
566
-1
135
135
135
135
135
135
135
135
135
135
135
135
133
491
-1
662
662
355
88
463
-1
800
263
189
21
21
21
21
21
21
21
21
21
21
21
21
21
21
21
21
21
21
21
21
21
21
21
21
21
21
21
21
21
21
21
21
21
21
21
21
21
21
21
21
21
21
21
21
21
21
21
21
21
21
21
21
21
881
571
368
368
368
368
368
368
-1
-1
203
93
475
463
284
723
660
-1
23
19
373
254
254
254
254
254
254
254
254
254
254
254
254
254
254
585
519
567
718
92
552
552
552
552
552
552
640
626
-1
186
392
700
-1
582
-1
578
235
48
580
438
442
315
162
-1
121
121
121
121
121
121
121
-1
897
322
841
530
576
686
132
225
665
224
777
387
110
677
751
503
-1
460
167
796
796
796
311
311
580
580
580
228
-1
279
-1
-1
-1
-1
-1
-1
-1
-1
-1
-1
-1
-1
-1
-1
288
288
441
835
587
523
-1
-1
624
-1
567
392
662
52
317
221
89
-1
510
766
716
95
663
437
437
437
440
542
542
542
748
102
30
721
559
138
138
269
82
55
55
117
783
130
108
489
735
-1
142
661
661
661
166
75
213
256
256
256
256
424
723
104
401
818
818
818
28
838
518
748
846
799
38
-1
440
176
178
701
232
295
566
540
582
138
535
535
696
280
48
862
-1
740
740
200
424
546
483
85
85
624
689
183
225
225
225
519
111
106
557
20
724
-1
376
507
403
672
156
25
514
514
294
560
470
574
169
169
169
169
169
414
573
170
793
257
-1
536
520
600
307
703
85
-1
-1
-1
-1
814
369
-1
-1
176
176
176
176
176
176
176
176
176
176
176
176
176
176
176
176
176
176
176
176
176
176
176
176
176
176
176
176
176
176
176
176
176
176
176
176
176
176
176
176
176
176
176
176
176
176
176
176
176
176
176
176
176
176
176
176
176
176
176
176
176
176
176
176
176
176
176
176
176
176
176
176
176
176
176
176
176
176
176
176
176
176
176
176
176
176
176
176
176
176
176
176
176
176
176
176
176
176
176
176
176
176
176
176
176
176
176
176
176
176
176
176
176
176
176
176
176
176
176
176
176
176
176
176
176
176
176
176
176
176
176
176
176
176
176
176
176
176
176
176
176
176
176
176
176
176
176
176
176
176
176
176
176
176
176
176
176
176
176
176
176
176
176
176
176
176
176
176
176
176
176
176
176
176
176
176
176
176
176
176
176
176
176
176
176
176
176
176
176
176
176
176
176
176
176
176
176
176
176
176
176
176
176
176
176
176
176
176
176
176
176
176
176
176
176
176
176
176
176
176
176
176
176
176
176
176
176
176
176
176
176
176
176
176
176
176
176
176
176
176
176
176
176
176
176
176
176
176
176
176
176
176
176
176
176
176
176
176
176
176
176
176
176
176
176
176
176
176
176
176
176
176
176
176
176
176
176
176
176
176
176
176
176
176
176
176
176
176
176
176
176
176
176
176
176
176
176
176
176
176
176
176
176
176
176
176
176
176
176
176
176
176
176
176
176
176
176
176
176
176
176
176
176
176
176
176
176
176
176
176
176
176
176
176
176
176
176
176
176
176
176
176
176
176
176
176
176
176
176
176
176
176
814
293
683
300
225
-1
325
-1
393
146
469
227
493
143
61
61
-1
18
318
-1
554
99
678
121
-1
-1
207
-1
393
-1
52
569
747
524
512
307
749
-1
-1
-1
-1
-1
8
87
38
655
315
710
799
376
-1
77
77
872
711
810
231
231
471
13
13
13
116
494
221
253
-1
331
306
306
306
716
338
-1
311
645
-1
183
538
109
448
754
-1
763
724
645
399
440
723
723
723
723
532
27
793
23
-1
806
317
458
287
570
428
619
-1
226
217
50
50
715
-1
-1
-1
661
81
429
496
106
73
304
751
112
4
734
822
415
609
-1
379
379
379
379
676
245
245
837
45
75
525
-1
34
12
142
262
727
265
413
-1
8
672
575
683
683
683
778
287
247
-1
-1
399
399
429
-1
-1
-1
844
476
476
476
587
-1
412
92
581
-1
167
188
560
380
200
880
-1
188
227
137
156
413
810
731
356
670
100
604
542
678
678
678
678
678
115
409
419
220
-1
-1
-1
-1
-1
-1
-1
-1
-1
-1
88
703
557
180
180
180
180
180
180
180
180
180
180
180
180
180
180
180
180
180
180
180
180
180
180
180
180
180
180
180
180
180
180
180
180
180
180
180
180
180
180
180
180
180
180
180
180
180
180
180
180
180
180
180
180
180
180
180
180
180
180
180
180
180
180
180
180
180
180
180
180
180
180
180
180
180
180
180
180
180
180
180
180
180
180
180
180
180
180
180
180
180
180
180
180
180
180
180
180
180
180
180
180
180
180
180
180
180
180
180
180
180
180
180
180
180
180
180
180
180
180
180
180
180
180
180
180
180
180
180
180
180
180
180
180
180
180
180
180
180
180
180
180
180
180
180
180
180
544
274
348
733
94
-1
-1
193
56
-1
381
461
768
715
134
-1
528
491
578
807
807
807
177
393
664
470
-1
246
690
29
513
654
586
-1
280
860
301
273
37
467
645
645
645
645
645
645
645
645
645
645
645
271
180
180
180
108
733
208
824
-1
128
-1
618
-1
-1
679
795
371
-1
526
433
13
298
462
526
212
308
-1
671
251
41
204
466
466
466
466
466
508
849
-1
866
40
40
40
40
40
908
156
124
118
284
736
736
263
676
792
812
264
400
400
400
328
74
-1
790
241
171
181
721
102
-1
22
306
336
708
416
333
657
-1
502
813
758
-1
358
358
358
754
438
-1
690
312
515
37
712
-1
670
670
670
670
670
670
670
670
671
894
-1
102
335
-1
382
27
-1
866
866
866
541
-1
364
134
134
134
134
134
-1
80
-1
696
98
338
136
113
777
-1
-1
-1
48
532
100
144
-1
771
75
-1
25
355
29
0
662
234
-1
685
35
-1
310
169
763
568
806
541
845
226
677
218
263
694
281
-1
-1
308
382
17
204
413
92
-1
-1
447
105
616
444
517
791
211
552
13
699
722
776
350
788
577
277
96
336
495
360
290
776
27
599
418
29
63
91
342
-1
707
49
245
245
405
493
23
456
-1
575
470
664
557
328
274
427
-1
-1
551
551
551
551
551
551
551
702
702
702
702
702
702
502
502
306
322
322
793
164
555
652
761
-1
715
112
407
-1
820
456
183
485
209
209
209
209
209
209
384
24
173
41
494
494
97
777
82
371
464
464
464
464
464
464
464
464
464
464
464
464
464
464
464
464
464
70
182
248
751
-1
570
626
831
207
538
538
852
272
513
46
46
679
451
-1
217
812
612
-1
278
-1
38
496
496
390
135
534
534
472
685
81
721
127
507
554
-1
160
440
707
545
60
641
78
573
865
757
284
814
235
178
686
-1
-1
404
877
392
794
273
8
348
218
89
151
345
597
883
43
17
405
10
740
-1
829
818
477
777
-1
-1
-1
153
200
-1
252
94
105
212
-1
159
663
495
685
-1
762
-1
308
-1
62
530
-1
468
540
-1
193
630
537
670
489
-1
692
422
786
152
123
121
246
406
511
511
733
565
434
488
332
57
57
57
57
57
332
429
-1
34
492
495
-1
220
296
567
413
186
365
344
675
80
296
357
127
448
-1
426
-1
146
197
687
711
-1
257
303
110
768
-1
253
62
-1
9
-1
705
705
705
-1
738
378
-1
185
-1
426
443
456
783
748
-1
523
256
-1
669
453
-1
-1
-1
344
324
203
-1
352
196
-1
414
859
895
406
824
460
226
285
211
589
445
-1
-1
293
-1
-1
123
148
463
558
267
392
271
156
114
-1
658
317
508
92
692
-1
506
633
-1
172
172
540
351
577
85
740
740
740
248
708
708
-1
719
692
577
577
103
101
300
839
368
692
692
192
192
192
192
702
66
66
442
384
577
712
336
313
300
51
51
51
27
27
27
27
27
27
27
27
27
27
27
27
27
27
27
27
651
651
651
769
556
310
114
379
736
-1
276
538
775
114
-1
876
414
562
505
505
505
505
367
14
289
289
433
83
-1
-1
-1
-1
77
838
882
413
413
413
411
411
443
-1
438
176
494
255
486
-1
634
304
692
170
842
549
284
743
686
877
565
273
273
273
326
580
740
19
-1
-1
97
21
-1
688
432
400
413
131
576
-1
386
144
777
280
626
551
450
551
360
735
554
128
872
202
202
202
579
458
42
402
477
-1
572
752
164
529
523
577
189
18
727
-1
186
373
169
223
653
796
796
34
186
-1
395
181
421
523
313
623
185
771
-1
-1
508
508
508
66
66
66
419
343
232
232
232
31
126
89
398
322
816
246
687
450
593
-1
185
649
27
549
549
549
549
549
549
549
549
549
549
549
549
549
549
549
549
549
549
549
549
549
549
549
549
549
549
549
549
549
549
549
549
549
516
422
-1
20
205
481
-1
568
334
334
334
747
415
103
75
95
446
308
308
308
308
308
308
308
308
308
308
308
304
750
750
57
702
154
473
30
101
101
5
802
802
94
369
711
711
299
178
310
310
-1
347
508
186
-1
411
15
245
418
67
526
494
525
54
62
-1
64
75
614
396
192
822
498
376
-1
592
664
678
151
183
248
132
530
-1
496
441
427
511
864
106
202
-1
-1
-1
-1
-1
-1
-1
778
905
644
840
77
28
559
652
424
11
773
4
387
0
774
392
392
392
392
392
678
7
576
8
8
8
8
8
8
317
188
24
-1
807
451
585
13
13
13
13
13
13
13
557
557
557
557
557
787
663
595
595
595
595
595
775
627
517
112
655
336
63
162
348
836
166
-1
96
23
388
774
208
46
46
46
46
46
46
46
42
526
412
244
600
480
696
696
267
493
513
315
239
191
350
126
-1
462
782
782
782
782
782
782
782
782
782
782
782
782
782
782
782
782
782
782
782
782
782
782
782
782
782
483
525
26
91
621
370
86
86
86
86
86
86
86
86
86
718
393
474
752
752
752
780
698
55
55
388
193
299
70
673
255
515
426
29
90
843
398
440
52
544
902
818
109
687
120
378
391
490
465
369
-1
199
203
203
203
203
746
-1
-1
436
394
351
736
-1
106
106
106
106
106
106
106
106
106
106
106
251
417
710
280
508
-1
678
30
-1
305
305
305
305
193
782
782
592
140
902
52
531
-1
696
160
-1
-1
542
-1
-1
60
278
486
56
2
592
308
598
598
563
588
188
75
527
218
407
92
589
449
684
730
433
662
521
167
167
167
167
693
682
46
671
306
-1
-1
366
387
375
375
423
567
227
909
247
790
579
435
331
331
331
331
366
832
-1
458
503
447
225
315
140
140
140
140
140
140
222
97
308
-1
779
532
-1
167
-1
735
711
109
109
192
394
677
598
385
6
6
648
225
225
442
62
591
534
60
132
119
119
119
119
119
119
119
686
535
535
535
535
-1
-1
17
710
394
193
571
8
122
-1
649
118
887
18
488
364
695
168
749
-1
-1
234
404
139
-1
20
377
218
218
317
145
13
12
54
208
900
448
402
731
635
702
729
544
-1
877
562
391
323
340
340
340
559
332
-1
-1
567
144
775
653
342
342
342
342
342
235
235
131
659
558
322
322
322
850
612
530
832
321
14
-1
38
717
813
582
797
772
226
270
177
744
90
510
306
726
726
726
726
726
726
726
726
337
450
762
29
792
257
381
712
-1
-1
644
510
493
736
831
686
-1
-1
663
538
711
711
711
542
542
542
392
19
-1
748
24
163
518
330
330
330
330
330
330
330
330
330
330
330
330
330
330
330
330
330
330
330
330
330
330
330
330
330
330
330
330
330
330
330
330
330
330
330
330
330
330
330
330
330
330
330
330
330
330
330
330
330
-1
-1
41
-1
187
93
29
29
29
29
29
29
29
746
-1
-1
-1
148
709
531
-1
462
528
9
230
252
878
-1
50
-1
696
443
868
591
273
152
14
791
661
163
906
702
157
353
795
407
359
683
733
733
733
733
733
733
733
733
733
733
733
733
733
733
733
733
733
733
733
733
733
733
733
733
733
733
733
733
733
733
733
733
733
328
-1
651
790
84
660
103
515
798
256
565
729
34
90
-1
-1
541
92
-1
592
13
241
-1
715
398
371
771
-1
730
714
799
140
270
532
191
533
275
275
275
472
130
155
728
-1
145
23
224
85
86
765
355
164
-1
369
405
458
344
-1
90
197
-1
820
171
749
221
-1
364
412
235
-1
-1
-1
-1
543
232
872
498
555
155
722
818
242
748
256
406
448
-1
-1
166
407
-1
434
783
-1
337
36
-1
736
656
458
408
151
357
374
872
767
506
453
453
453
453
453
405
662
662
435
305
305
305
-1
265
265
265
265
663
570
-1
802
463
318
292
419
752
157
-1
-1
48
193
597
597
167
110
137
137
137
137
575
439
672
209
394
700
700
700
700
700
716
847
187
187
-1
-1
-1
364
670
-1
-1
-1
-1
-1
-1
-1
-1
-1
-1
-1
-1
-1
-1
-1
-1
-1
-1
-1
-1
-1
-1
-1
-1
-1
-1
-1
-1
-1
-1
-1
-1
-1
-1
-1
-1
-1
-1
-1
-1
-1
-1
-1
-1
-1
-1
-1
-1
-1
-1
-1
-1
-1
-1
-1
-1
-1
-1
-1
-1
-1
-1
-1
-1
-1
-1
-1
-1
-1
-1
-1
-1
-1
-1
-1
-1
-1
-1
-1
-1
-1
-1
-1
-1
-1
-1
-1
-1
-1
-1
-1
-1
-1
-1
-1
-1
-1
-1
-1
-1
-1
-1
-1
-1
-1
-1
-1
-1
-1
-1
-1
492
454
41
376
-1
359
359
668
596
372
85
359
721
457
39
149
567
354
-1
88
287
194
482
69
170
589
256
256
256
256
256
256
256
256
256
256
256
256
256
66
66
25
8
870
282
678
406
323
137
405
-1
65
261
315
315
315
315
315
151
798
296
786
97
445
435
73
67
701
663
802
444
-1
54
293
324
122
122
507
332
74
49
271
658
373
408
145
494
651
584
584
809
62
464
365
848
562
-1
543
274
501
505
273
385
31
163
-1
324
324
487
-1
92
79
73
141
350
731
692
18
136
268
-1
898
337
170
-1
703
101
444
774
-1
718
357
409
73
2
440
414
-1
25
161
-1
295
419
869
614
29
-1
389
226
256
-1
156
414
433
326
118
396
605
563
67
510
510
510
510
510
510
510
510
510
510
510
510
510
510
510
541
787
1
793
49
620
289
668
645
-1
546
22
22
130
675
814
159
159
617
285
563
133
381
719
547
74
306
-1
648
171
-1
160
651
290
290
290
290
290
290
290
29
861
165
165
78
563
-1
6
468
343
730
730
730
668
651
-1
-1
-1
-1
-1
-1
-1
-1
-1
-1
-1
-1
-1
-1
-1
-1
-1
-1
-1
-1
-1
-1
-1
-1
-1
-1
-1
-1
-1
-1
-1
-1
-1
-1
-1
-1
-1
-1
-1
-1
-1
-1
-1
-1
-1
-1
-1
-1
-1
-1
-1
-1
-1
-1
-1
-1
-1
-1
-1
-1
-1
-1
-1
-1
-1
-1
-1
-1
-1
-1
-1
-1
-1
-1
-1
-1
-1
-1
-1
-1
-1
-1
-1
-1
-1
-1
-1
-1
-1
-1
-1
-1
-1
-1
-1
-1
-1
-1
-1
-1
-1
-1
-1
-1
-1
-1
-1
-1
-1
-1
-1
-1
-1
-1
-1
-1
-1
-1
564
71
364
110
-1
496
491
436
304
743
2
229
-1
173
-1
-1
-1
-1
-1
115
268
840
58
433
178
621
147
362
171
-1
174
-1
402
661
485
485
473
285
773
190
190
190
42
524
-1
346
48
-1
753
82
239
731
715
354
259
815
815
412
692
75
293
100
437
-1
769
789
741
431
710
309
-1
77
342
355
297
867
241
-1
298
307
657
381
546
648
356
161
-1
254
573
682
682
507
127
42
27
769
-1
76
593
325
787
162
490
124
-1
845
422
453
346
346
325
12
653
64
393
75
713
9
620
703
263
454
645
771
581
581
688
58
432
-1
134
285
344
181
447
447
94
306
212
21
728
665
367
135
677
280
200
330
330
330
740
173
340
442
136
781
781
-1
781
634
662
729
-1
67
571
265
715
175
446
423
270
752
-1
-1
469
562
382
97
-1
320
377
336
-1
199
509
29
-1
-1
645
292
58
686
186
796
498
139
308
308
308
308
329
404
283
682
110
706
34
123
423
682
863
66
779
-1
564
238
239
-1
616
8
8
8
8
-1
518
653
277
754
600
463
632
358
780
200
865
444
662
-1
555
450
842
842
842
842
842
678
134
-1
801
378
378
467
705
202
705
26
-1
581
213
213
213
-1
181
126
376
18
726
100
828
166
880
289
113
585
33
3
3
3
3
3
3
3
3
3
222
661
845
160
55
711
43
-1
260
8
813
813
813
813
813
813
813
813
813
813
813
813
813
813
813
813
813
813
813
813
813
813
225
213
10
807
426
109
109
248
552
552
552
552
552
-1
444
507
-1
533
705
726
-1
79
393
115
115
260
793
36
187
213
270
158
435
141
418
-1
23
23
-1
818
225
225
-1
520
520
520
520
520
520
520
520
520
520
520
520
520
520
334
334
334
334
219
155
155
80
-1
694
844
456
659
-1
538
-1
484
653
653
653
653
653
258
538
-1
-1
-1
-1
-1
-1
-1
751
398
781
446
507
75
328
754
363
244
61
333
765
396
396
730
180
654
654
134
581
192
52
494
731
52
52
60
644
-1
598
772
194
-1
252
235
316
792
647
647
647
644
-1
318
149
868
829
174
524
-1
354
260
556
666
101
101
748
719
595
663
31
656
644
520
514
498
714
206
11
209
701
63
-1
-1
427
427
427
427
-1
304
576
79
216
750
-1
118
364
124
674
112
225
682
92
-1
504
123
662
408
-1
511
166
-1
-1
177
827
679
240
73
366
370
556
25
25
25
449
32
35
35
35
313
150
578
437
84
690
662
766
42
743
530
530
166
740
20
69
512
187
865
490
542
774
429
43
107
795
413
663
80
862
695
294
257
105
-1
-1
-1
189
189
-1
-1
795
216
-1
620
746
113
-1
27
360
360
360
360
360
23
392
307
-1
194
341
394
237
449
449
271
650
372
530
773
150
824
290
433
778
423
801
682
300
99
-1
180
180
180
180
180
180
180
180
180
180
180
180
180
180
180
180
180
180
180
180
180
180
180
180
180
180
180
180
180
180
180
180
180
180
180
180
180
180
180
180
180
180
180
180
180
180
180
180
180
180
180
180
180
180
180
180
180
180
180
180
180
180
180
180
180
180
180
180
180
180
180
180
180
180
180
180
180
180
180
180
180
180
180
180
180
180
180
180
180
180
180
180
180
180
180
180
180
180
180
180
180
180
180
180
180
180
180
180
180
180
180
180
180
180
180
180
180
180
180
180
180
180
180
180
180
180
180
180
180
180
180
180
180
180
180
180
180
180
180
180
180
180
180
180
180
180
180
180
180
180
180
180
180
180
180
180
180
180
180
180
180
180
180
180
180
180
180
180
180
180
180
180
180
180
180
180
180
180
180
180
180
180
180
180
180
180
180
180
180
180
180
180
180
180
180
180
180
180
180
180
180
180
180
180
180
180
180
180
180
180
180
180
180
180
180
180
180
180
180
180
180
105
2
61
310
310
310
363
276
702
702
702
848
241
157
272
272
813
394
721
167
305
175
697
338
503
-1
806
19
-1
311
820
405
611
179
117
52
52
284
284
284
297
113
773
660
568
568
568
568
568
568
568
568
568
568
568
568
568
568
568
568
568
568
568
568
568
568
568
568
568
568
568
568
568
568
568
568
568
568
568
568
568
568
568
568
568
568
568
568
568
568
568
568
568
568
568
568
568
568
568
568
735
591
69
-1
123
-1
369
369
-1
-1
-1
310
-1
-1
-1
-1
-1
279
267
272
43
43
130
130
130
130
130
130
160
240
771
-1
320
320
258
343
499
553
553
553
553
553
553
395
43
-1
509
816
771
159
812
622
228
228
786
664
664
664
664
664
664
664
664
664
664
371
237
671
651
651
171
211
30
621
432
160
782
782
672
13
514
74
450
450
450
857
751
85
513
54
196
104
131
131
50
441
25
672
847
-1
500
301
309
431
64
658
820
273
362
334
334
433
404
88
-1
0
340
157
-1
351
420
73
584
617
734
715
667
435
0
599
365
71
71
71
181
-1
380
791
168
299
693
441
441
441
661
110
135
325
376
20
325
-1
177
442
506
775
155
172
-1
-1
-1
147
401
585
325
261
210
57
442
442
136
37
493
493
-1
336
336
336
336
336
336
336
336
336
336
336
269
184
257
557
496
582
193
193
193
193
193
193
193
517
167
170
872
-1
-1
729
-1
287
464
914
435
125
-1
20
386
51
417
89
365
74
582
108
51
111
292
309
668
789
151
-1
388
319
292
342
189
229
331
36
517
795
210
212
181
52
232
567
281
650
-1
-1
365
499
15
416
788
307
-1
507
356
137
483
483
483
744
-1
775
346
-1
87
677
119
782
733
733
507
76
-1
662
308
741
101
218
-1
186
583
595
201
260
465
508
245
86
124
560
747
-1
276
-1
474
359
870
870
411
411
411
478
912
226
246
70
400
65
556
402
344
775
320
530
-1
175
909
-1
640
677
384
727
801
26
556
11
-1
421
485
-1
551
-1
579
579
545
383
85
793
44
150
432
-1
673
467
204
463
167
379
379
74
306
101
25
690
88
98
98
98
98
98
98
98
98
98
98
98
98
98
98
98
98
98
98
98
98
98
-1
823
109
457
504
773
558
138
138
138
138
138
138
752
57
861
395
-1
662
439
-1
251
323
565
718
527
111
111
111
111
111
111
111
145
-1
744
-1
268
40
579
356
356
316
556
439
426
426
273
26
75
91
342
471
-1
285
866
866
52
52
52
104
566
-1
355
-1
510
333
499
799
657
487
625
368
-1
666
208
372
242
-1
-1
-1
-1
-1
-1
297
97
387
389
439
-1
137
725
-1
190
829
-1
135
445
604
-1
38
38
185
705
-1
851
412
324
866
338
532
320
581
556
392
509
113
113
489
-1
-1
-1
680
11
837
-1
-1
-1
268
825
619
403
403
403
530
306
308
747
-1
-1
273
702
780
686
686
686
686
686
686
686
686
686
686
686
686
686
686
686
686
686
686
686
686
686
686
686
686
686
286
729
729
729
729
729
729
729
729
284
284
818
309
865
-1
-1
-1
8
-1
-1
688
640
711
766
814
-1
-1
116
-1
-1
577
519
512
512
512
512
143
88
88
519
73
361
303
-1
307
578
-1
592
592
592
592
592
592
592
592
592
592
592
668
412
717
563
551
434
571
262
308
519
162
280
368
58
238
-1
40
40
815
264
730
219
530
331
292
151
-1
405
75
484
508
311
235
2
110
58
553
723
-1
76
113
408
238
393
776
297
297
297
297
297
297
297
297
297
297
297
297
297
297
297
297
297
297
297
297
297
297
297
297
297
297
297
297
297
297
297
297
297
297
297
297
297
297
297
297
297
297
297
297
297
297
297
297
297
297
297
297
297
297
297
297
297
297
297
297
297
297
297
297
297
297
297
297
297
297
297
297
297
297
297
297
297
297
297
297
297
297
297
297
297
297
297
297
297
297
297
297
297
297
297
297
297
297
297
297
297
297
297
297
297
297
297
297
297
297
297
297
297
297
297
297
297
297
297
297
297
297
297
297
297
297
297
297
297
297
297
297
297
297
297
297
297
297
297
297
297
297
297
297
297
297
297
297
297
297
297
297
297
297
297
297
297
297
297
297
297
297
297
297
297
297
297
297
297
297
297
297
297
297
297
297
297
297
297
297
297
297
297
297
297
297
297
297
297
297
297
297
297
297
297
297
297
297
297
297
297
297
297
297
297
297
297
297
297
297
297
297
297
297
297
297
297
297
297
297
297
297
297
297
297
297
297
297
297
297
297
297
297
297
297
297
297
297
297
297
297
297
297
297
297
297
297
297
297
297
297
297
297
297
297
297
297
297
297
297
297
297
297
297
297
297
297
297
297
297
297
297
297
297
297
297
297
297
297
297
297
297
297
297
297
297
297
297
297
297
297
297
297
297
297
297
297
297
297
297
297
297
297
297
297
297
297
297
297
297
297
297
297
297
297
297
297
297
297
297
297
297
297
297
297
297
297
297
297
297
297
297
297
297
297
297
297
297
297
297
297
297
297
297
297
297
297
297
297
297
297
297
297
297
297
297
297
297
297
297
297
297
297
297
297
297
297
297
297
297
297
297
297
297
297
297
297
297
297
297
297
297
297
297
297
297
297
297
297
297
297
297
297
297
297
297
297
297
297
297
297
297
297
297
297
297
297
297
297
297
297
297
297
297
297
297
297
297
297
297
297
297
297
297
297
297
297
297
297
297
297
297
297
297
297
297
297
297
297
297
297
297
297
297
297
297
297
297
297
297
297
297
297
297
297
297
297
297
297
297
297
297
297
297
297
297
297
297
297
297
297
297
297
297
297
297
297
297
297
297
297
297
297
297
297
297
297
297
297
297
297
297
297
297
297
297
297
297
297
297
297
297
297
297
297
297
297
297
297
297
297
297
297
297
297
297
297
297
297
297
297
297
297
297
297
297
297
297
297
297
297
297
297
297
297
297
297
297
297
297
297
297
297
297
297
297
297
297
297
297
297
297
297
297
297
297
297
297
297
297
297
297
297
297
297
297
297
297
297
297
297
297
297
297
297
297
297
297
297
297
297
297
297
297
297
297
297
297
297
297
297
297
297
297
297
297
-1
521
337
707
707
707
707
707
707
707
707
707
707
707
707
707
707
707
785
149
8
575
658
478
726
374
883
445
119
-1
756
532
653
127
578
467
850
-1
543
223
887
41
-1
746
338
508
527
-1
-1
572
262
661
229
2
2
2
221
37
555
365
483
483
483
483
674
98
499
288
12
-1
-1
-1
558
439
282
42
586
323
659
592
-1
427
201
775
163
773
120
-1
262
300
306
-1
-1
-1
-1
221
-1
207
720
159
219
-1
119
-1
66
736
240
467
467
583
742
386
257
664
814
75
699
59
492
79
143
15
15
380
449
493
493
493
493
493
493
493
495
495
558
714
367
766
694
526
67
383
-1
204
-1
820
-1
-1
358
-1
446
664
743
743
743
370
818
818
462
152
138
25
231
75
229
-1
-1
-1
169
-1
189
727
-1
734
575
651
342
821
294
248
107
363
329
907
907
907
907
907
722
814
436
727
817
66
-1
361
218
204
754
450
663
65
65
321
832
832
226
688
-1
182
182
182
182
182
182
182
182
182
182
182
182
182
182
182
182
182
182
182
182
182
182
182
182
182
182
182
182
182
182
182
182
182
182
182
182
182
182
182
182
182
182
182
182
182
182
182
182
182
182
182
182
182
182
182
182
182
182
182
182
182
182
182
182
182
182
182
182
182
182
182
182
182
182
182
182
182
182
182
182
182
182
182
182
182
182
182
182
182
182
182
182
182
182
182
182
182
182
182
182
182
182
182
182
182
182
182
182
182
182
182
182
182
182
182
182
182
182
182
182
182
182
182
182
182
182
182
182
182
182
182
182
182
182
182
182
182
182
182
182
182
182
182
182
182
182
182
182
182
182
182
182
182
182
182
182
182
-1
-1
93
107
380
388
533
665
751
751
751
751
751
751
751
751
751
751
751
862
833
733
-1
529
720
-1
-1
595
-1
458
-1
812
294
524
736
537
105
650
763
794
552
28
558
112
112
112
112
112
121
665
670
670
687
281
596
521
521
225
511
511
511
511
511
514
514
244
122
317
341
717
7
799
791
80
175
57
-1
712
651
726
726
736
557
557
361
361
361
361
361
361
361
361
361
361
361
361
361
361
361
361
361
361
361
361
361
361
361
361
361
361
361
361
361
361
361
361
361
361
361
361
361
361
361
361
361
361
361
361
361
361
361
361
361
361
361
361
361
361
361
361
361
361
361
361
361
361
361
361
361
361
361
361
361
361
361
361
361
361
361
361
361
361
361
361
361
361
361
361
361
361
361
361
361
361
361
361
361
24
197
-1
-1
-1
323
123
225
93
404
-1
792
807
592
388
388
388
312
714
-1
653
692
151
712
565
231
-1
223
307
-1
-1
904
115
855
721
-1
879
178
209
285
479
435
378
-1
516
67
33
33
33
33
33
33
33
33
33
33
369
369
78
523
165
44
44
436
436
436
436
436
436
436
436
436
436
436
436
436
436
436
436
436
436
436
436
436
436
436
436
436
436
436
436
436
436
117
19
230
-1
604
377
166
907
318
330
286
256
311
763
395
667
667
54
680
229
667
318
318
372
444
748
405
-1
87
188
238
131
-1
356
326
114
299
12
491
643
183
-1
-1
-1
-1
-1
-1
-1
-1
-1
-1
-1
-1
-1
-1
-1
-1
-1
-1
-1
-1
-1
-1
-1
-1
-1
-1
-1
-1
-1
-1
-1
-1
-1
-1
-1
-1
-1
-1
-1
-1
-1
-1
-1
27
469
326
722
492
721
-1
725
725
725
725
662
700
700
700
700
700
700
700
700
700
700
700
652
240
155
178
249
738
251
336
9
9
668
467
811
106
52
8
583
583
243
677
-1
426
569
897
155
155
155
701
648
137
254
74
74
74
74
59
23
367
299
370
724
548
368
57
144
555
725
789
449
91
-1
-1
-1
167
394
420
771
224
399
9
557
360
360
360
360
835
835
-1
615
550
13
-1
917
491
460
723
299
-1
41
444
466
26
315
175
296
240
70
230
585
-1
-1
617
617
617
617
617
617
617
617
617
617
617
617
617
617
617
617
617
617
617
617
617
617
617
617
617
617
617
617
617
617
617
617
617
617
617
617
617
617
617
617
617
617
617
617
617
617
617
617
617
617
617
617
617
617
617
617
617
617
617
617
617
617
617
617
617
617
617
617
617
617
617
617
617
617
617
617
617
617
617
-1
488
-1
-1
684
849
721
-1
724
353
652
814
814
814
814
530
225
356
336
524
444
555
228
170
581
544
523
137
44
771
771
368
807
496
457
506
-1
27
25
388
876
17
109
860
548
21
756
161
424
372
675
208
77
312
437
247
153
241
31
291
291
285
-1
837
174
558
376
-1
263
403
155
829
540
351
198
198
482
159
159
159
159
159
159
159
219
219
321
320
821
693
255
112
112
112
112
112
112
112
770
664
727
278
899
228
-1
450
652
549
369
-1
190
664
66
-1
408
222
542
30
751
741
513
170
220
818
818
-1
124
787
6
414
818
752
401
356
-1
-1
103
443
402
402
402
402
652
812
527
102
817
817
817
594
733
307
76
358
338
87
181
111
257
401
205
8
703
74
193
199
152
27
778
686
20
489
789
-1
-1
524
535
501
626
-1
355
442
1
431
60
339
518
419
419
419
419
419
419
419
419
419
419
419
419
450
775
80
833
44
784
-1
237
237
243
320
264
104
89
89
462
593
-1
-1
185
185
185
664
662
-1
506
371
592
-1
73
771
374
311
371
152
730
730
730
81
187
-1
-1
231
-1
-1
-1
468
180
485
-1
462
574
632
137
535
77
142
457
57
648
828
827
591
161
651
225
-1
134
377
284
393
565
355
390
796
291
555
525
525
525
471
471
123
695
15
648
410
331
492
492
-1
473
32
32
723
382
382
120
-1
55
460
573
75
14
-1
-1
477
361
661
661
-1
751
751
718
205
389
325
-1
512
102
102
130
130
469
690
-1
222
260
373
432
65
-1
552
875
70
94
709
529
287
676
626
-1
297
369
369
369
-1
-1
-1
-1
-1
-1
-1
-1
131
169
321
698
672
672
258
258
470
470
35
567
567
567
21
725
288
421
421
421
421
245
-1
-1
-1
676
-1
446
446
446
446
446
446
747
760
415
415
415
415
415
536
129
129
173
244
153
153
649
792
91
40
40
221
413
413
738
154
849
849
290
189
498
489
174
47
171
420
886
106
908
645
645
645
645
645
645
645
645
645
645
645
645
645
645
645
645
645
645
645
645
594
614
652
615
111
270
744
463
693
158
194
194
194
194
567
249
234
788
662
232
24
594
700
391
352
449
566
399
620
246
546
727
414
273
581
289
185
278
400
-1
283
123
408
441
317
57
868
868
729
106
791
791
43
308
645
743
700
700
700
79
275
526
657
-1
-1
-1
-1
-1
-1
-1
-1
-1
-1
-1
-1
-1
-1
-1
-1
-1
-1
-1
-1
-1
32
285
644
446
736
546
735
3
824
396
814
367
519
305
66
97
540
19
19
826
-1
810
870
23
537
537
-1
175
794
408
701
711
386
386
386
-1
78
350
439
439
74
74
74
74
74
74
-1
435
255
63
831
152
-1
610
457
677
707
257
257
874
794
164
766
6
379
563
879
661
-1
370
515
411
16
686
667
544
207
742
523
820
257
-1
-1
-1
409
409
409
409
409
454
782
782
782
782
782
782
782
782
126
391
571
384
347
625
726
373
631
187
196
771
1
-1
401
694
-1
-1
417
462
412
43
43
43
43
43
43
-1
414
744
10
672
768
3
341
305
45
468
696
617
112
304
502
838
677
216
285
874
247
464
30
648
418
418
693
325
140
187
546
247
602
373
373
257
356
356
401
439
875
706
-1
66
663
361
715
49
864
813
-1
340
180
860
860
860
860
860
